{"recon_params": [[[-2.152177330572158e-06, -4.173317392996978e-06, 6.8589550210163e-05, 7.751762495900039e-06, 1.4353359802043997e-05, 4.7628782340325415e-07, -6.713777111144736e-05, -1.2005713870166801e-05, 7.449019904015586e-05, 2.43783688347321e-07, 1.5327156782150269, 0.76991206407547, 0.608709990978241, -1.3345239162445068, 0.4576319754123688, -0.2304435670375824, -2.06410813331604, 0.029035458341240883, -0.9366911053657532, -0.06498890370130539, 0.542685329914093, -0.9493975639343262, 0.2994879484176636, 0.2631951570510864, 2.2538437843322754, 0.5413569211959839, -2.120455026626587, 2.2101595401763916, -0.5955033302307129, -0.2201271802186966, -2.0753889083862305, 1.3992878198623657, 2.517561912536621, -0.6584682464599609, 0.8752321004867554, 0.28827065229415894, 0.48589643836021423, -3.0659470558166504, 2.177705764770508, -3.812084674835205, -1.2416422367095947, 3.006847858428955, 3.5988686084747314, -6.771052360534668, -5.407248497009277, 1.1967828273773193, -6.695515155792236, -1.2007051706314087, -2.0809404850006104, 1.741989254951477, 3.6988015174865723, -1.3068697452545166, 2.1923582553863525, 4.239205360412598, 0.840842604637146, 2.03737211227417, -4.265558242797852, 0.5708584785461426, -0.02499072626233101, 0.0413379892706871, -0.6367207765579224]], [[-3.561469384294469e-06, -8.278177119791508e-06, 7.342560274992138e-05, 8.4054972830927e-06, -1.4427428141061682e-06, 6.452555680880323e-07, -7.206026930361986e-05, -1.419198042640346e-06, -5.546299507841468e-05, -5.415035957412329e-07, 2.119933843612671, 0.6583893895149231, 0.03107413277029991, -1.2261738777160645, 0.34865882992744446, -0.27512869238853455, -2.0930280685424805, -0.08686213940382004, -0.16155698895454407, -0.36238622665405273, 0.8460417985916138, -0.42149150371551514, 0.5483399629592896, -0.08616137504577637, 1.1632417440414429, -0.2992504835128784, -3.3521931171417236, 1.5276293754577637, -1.9931479692459106, 0.48935389518737793, -3.642971992492676, -0.27191582322120667, 1.5003607273101807, -1.755150556564331, 3.0270984172821045, 1.0124785900115967, 0.20168179273605347, -3.420450210571289, 1.650733470916748, -2.757073402404785, -1.3641841411590576, 0.25929683446884155, 3.6084251403808594, -4.7451372146606445, -6.136383056640625, -0.7552151679992676, -6.55180549621582, -1.8361246585845947, -2.455232620239258, 3.593696117401123, 3.1801393032073975, 0.529109537601471, 0.27396008372306824, 3.0645592212677, 0.6988810896873474, 3.46370530128479, -3.7780394554138184, -0.9139622449874878, -0.00867776945233345, 0.010583486407995224, -0.6548027992248535]], [[-4.457552222447703e-06, -1.0548752470640466e-05, 8.050043834373355e-05, 7.698462468397338e-06, -1.1077249837398995e-05, 7.724502211203799e-07, -7.647904567420483e-05, 2.9814393656124594e-06, -8.020755194593221e-05, -8.965698725660332e-07, 1.7427839040756226, 1.1527304649353027, -0.7618792057037354, -0.9637037515640259, 0.6090261340141296, -0.17357370257377625, -1.7522207498550415, -0.49808818101882935, -0.3059217929840088, 0.24921169877052307, 1.3245532512664795, -0.5280188322067261, 0.570880115032196, 0.9571635723114014, 1.0996636152267456, -0.32467150688171387, -3.325152635574341, 2.1618950366973877, -1.9243462085723877, 0.3657151162624359, -3.958627223968506, -0.8302626609802246, 0.9899635910987854, -2.2522480487823486, 2.67201566696167, 1.5127925872802734, 0.7863399982452393, -3.9405109882354736, 1.4520049095153809, -2.9467415809631348, -2.7662153244018555, 0.469010591506958, 3.825101613998413, -4.295670509338379, -6.54991340637207, 0.9156892895698547, -7.906120300292969, -1.8543214797973633, -2.851794958114624, 3.700072765350342, 4.559252738952637, 0.22055059671401978, 0.20760124921798706, 3.6845178604125977, 1.035183072090149, 3.602203369140625, -3.6706321239471436, -0.5716742277145386, -0.03325096145272255, -0.0017684288322925568, -0.6988534331321716]], [[-8.554870873922482e-06, -2.098692493746057e-05, 0.00012026559852529317, 4.093406460015103e-06, 8.722550410311669e-05, 6.352127002173802e-07, -0.00010843070776900277, -1.6842175227793632e-06, -0.00014062361151445657, 4.868388714385219e-07, 1.6001466512680054, 0.9384098052978516, -0.34844180941581726, -1.0331509113311768, 0.41463398933410645, 0.08627641946077347, -1.6074118614196777, 0.3252581059932709, -0.8456782102584839, 0.6528670191764832, 0.6152322292327881, -0.09812816977500916, 0.005897436290979385, 1.6703619956970215, 2.4928267002105713, -0.5637861490249634, -2.296354293823242, 2.5068705081939697, -3.5553159713745117, -1.3026535511016846, -4.284533500671387, 1.0687192678451538, 2.9096286296844482, 0.9474895000457764, 4.077014923095703, 0.7069450616836548, -0.803970992565155, -3.6950631141662598, 0.4159053564071655, -3.8953404426574707, 0.35688304901123047, 0.3561936020851135, -1.3278918266296387, -5.971985816955566, -6.8419013023376465, 1.6366519927978516, -8.802657127380371, -2.614975690841675, -5.895402431488037, 2.7613587379455566, 7.453341007232666, 0.9528221487998962, -0.5101792216300964, 2.692735433578491, 1.1255019903182983, 5.117513179779053, -4.586213111877441, 1.4310882091522217, -0.008585270494222641, 0.014479760080575943, -0.7075230479240417]], [[-3.3766896194720175e-06, -6.0028928601241205e-06, 8.194323163479567e-05, 1.2271058949409053e-05, -1.9564986359910108e-05, 3.968930286646355e-07, -8.260244794655591e-05, 8.490671461913735e-06, -3.123076749034226e-05, -1.8056234694086015e-06, 1.8267420530319214, 1.2295936346054077, -0.8211260437965393, -0.7683213949203491, 1.01425039768219, 0.07900450378656387, -1.4079362154006958, -0.14451009035110474, -0.5121371746063232, 0.18231314420700073, 0.809843122959137, -0.27594423294067383, 0.5178454518318176, 0.3641612231731415, 0.6884052157402039, -0.3041558563709259, -2.893695831298828, 0.8649584054946899, -1.3102277517318726, -0.2041822075843811, -2.332301378250122, 0.5641294121742249, 1.9806389808654785, -1.9006319046020508, 0.4053604304790497, 0.6735671758651733, 0.40970709919929504, -2.5846755504608154, 1.307591438293457, -4.1436686515808105, -1.3166695833206177, 2.031768798828125, 2.4429595470428467, -5.496114730834961, -5.876603603363037, 0.2529478669166565, -6.189177989959717, -2.17055606842041, -3.7748589515686035, 4.042884826660156, 4.668262958526611, -1.5419960021972656, 0.679610550403595, 3.5943689346313477, 3.1874003410339355, 1.3642290830612183, -3.088514566421509, 0.26963433623313904, -0.05448532477021217, 0.02652360498905182, -0.7284731268882751]], [[-3.120167093584314e-06, -6.400602160283597e-06, 6.171097629703581e-05, 9.372248314321041e-06, -1.6262142708001193e-06, 7.370736057055183e-07, -5.9353387769078836e-05, -3.4808369946404127e-06, -1.1035683201043867e-05, -7.417561391775962e-07, 1.5984300374984741, 1.3177592754364014, -0.9093627333641052, -1.2976667881011963, 0.6116061806678772, 0.042460910975933075, -1.477344274520874, 0.1652659773826599, -0.13153019547462463, -0.47906529903411865, 0.8559451699256897, -0.39661136269569397, 0.7252313494682312, -0.5845444202423096, 0.8441045880317688, -0.5181009769439697, -3.194134473800659, 0.8412557244300842, -1.9218660593032837, 0.4136132001876831, -3.220775604248047, 0.19467079639434814, 1.9374165534973145, -1.8785769939422607, 2.632016658782959, 0.5171259641647339, 0.19338449835777283, -2.8727054595947266, 1.266587734222412, -2.577031373977661, -0.8313465714454651, -0.28380224108695984, 2.659179449081421, -4.761958122253418, -6.20295524597168, -1.1787110567092896, -6.193244457244873, -1.805843710899353, -2.095639228820801, 3.2053897380828857, 2.738223075866699, -0.07990087568759918, -0.18960070610046387, 2.6196303367614746, 1.3306032419204712, 2.7876245975494385, -2.947805643081665, -1.4800019264221191, -0.06053633615374565, 0.012081857770681381, -0.6952179074287415]], [[-4.651437393476954e-06, -1.021670686895959e-05, 6.454857066273689e-05, 2.9375075882853707e-06, 1.8388107491773553e-05, 8.242532203439623e-07, -5.851368769071996e-05, 2.1749722236563684e-06, -5.620988304144703e-05, -9.600967132428195e-08, 2.160522937774658, 0.8305981159210205, -0.3212411403656006, -1.020431399345398, -0.2493358552455902, -0.4785931408405304, -1.6124638319015503, 0.7132464647293091, -0.6748242378234863, -0.26044464111328125, 0.6457897424697876, -0.3937060236930847, 0.32265710830688477, -0.1997789442539215, 0.9762722849845886, -0.44572967290878296, -2.1429402828216553, 0.5140523910522461, -1.5728622674942017, 0.2380676418542862, -2.0986669063568115, 1.1434358358383179, 3.0789947509765625, -1.574918270111084, 1.9955904483795166, -1.4007008075714111, -0.21486279368400574, -1.2152467966079712, 0.8094258904457092, -2.001270294189453, -0.008537515997886658, -1.8427752256393433, -1.5418860912322998, -3.538316011428833, -4.298717021942139, -0.06167031452059746, -6.059379577636719, -1.8348050117492676, -2.112208127975464, 0.6782670021057129, 3.6807923316955566, -0.688254177570343, -0.8585099577903748, 1.3239978551864624, 2.0548906326293945, 2.0790624618530273, -1.3218790292739868, -1.83740234375, -0.0005756057798862457, 0.019316282123327255, -0.7249628901481628]], [[-3.3319861358904745e-06, -6.814731477788882e-06, 6.902187305968255e-05, 9.315092029282823e-06, 4.776368223247118e-05, 4.988746695744339e-07, -6.878547719679773e-05, -2.1940620626992313e-06, -4.6567831304855645e-05, 2.3859684006311e-08, 1.7400745153427124, 1.1793193817138672, -0.7884935736656189, -0.7826290726661682, 0.23928625881671906, -0.6020154356956482, -1.6133368015289307, 0.4431508779525757, -0.33166414499282837, -0.3580687642097473, 0.5095798969268799, -0.44309335947036743, 0.2714577913284302, 0.06776276230812073, 1.4735803604125977, -0.43742361664772034, -3.221456289291382, 0.9429733157157898, -2.4454479217529297, 0.7971816062927246, -3.1847169399261475, 0.3580779433250427, 2.0425772666931152, -1.526390790939331, 3.585089921951294, -0.126007080078125, -0.32094913721084595, -3.041872024536133, 1.5094468593597412, -2.75675368309021, -0.3129417300224304, -1.129300594329834, 1.0915660858154297, -4.343879699707031, -6.139512062072754, -1.048556923866272, -6.6785078048706055, -2.4533610343933105, -2.6806764602661133, 2.937755823135376, 3.5060505867004395, 1.2152212858200073, -0.5778500437736511, 2.025400400161743, 1.0815441608428955, 4.176646709442139, -3.6059908866882324, -1.7791078090667725, -0.03510111942887306, 0.028057724237442017, -0.7512215971946716]], [[-4.617175363819115e-06, -9.48203251027735e-06, 8.09774937806651e-05, 7.347535756707657e-06, 3.223723979317583e-05, 8.36624849398504e-07, -7.83081486588344e-05, -6.479159310401883e-06, -3.680625377455726e-05, -1.4790630302741192e-06, 1.623376727104187, 0.6791401505470276, 0.6462655663490295, -1.2538968324661255, 0.5268815159797668, -0.2612144649028778, -2.1696012020111084, 0.39177435636520386, -0.5949312448501587, -0.38716280460357666, 0.6188923716545105, -0.19176965951919556, -0.10182735323905945, -0.018226414918899536, 1.8128269910812378, -0.2427259236574173, -3.268961191177368, 2.1215624809265137, -1.9642672538757324, 0.810008704662323, -3.1966309547424316, 0.493799090385437, 2.073014736175537, -0.9259824752807617, 2.8546512126922607, 0.02592596411705017, -0.03363132104277611, -3.6473190784454346, 2.1246275901794434, -3.838221311569214, -0.757379412651062, 1.4487431049346924, 3.104461193084717, -6.181598663330078, -5.920114517211914, -0.5297666192054749, -6.242770671844482, -2.036585569381714, -2.759819269180298, 3.0351240634918213, 3.661794662475586, 0.8730141520500183, 0.40879327058792114, 3.387098550796509, 0.16667231917381287, 3.9934909343719482, -4.625706672668457, -0.49877896904945374, -0.024386171251535416, 0.039370931684970856, -0.6392444968223572]], [[-4.966290362062864e-06, -1.0855963409994729e-05, 8.42379085952416e-05, 9.728367331263144e-06, 7.011877187323989e-06, 8.494782832713099e-07, -7.901835488155484e-05, -1.392995500282268e-06, -8.024790440686047e-05, -1.2026575859636068e-06, 1.6793341636657715, 0.8726925849914551, -0.253580242395401, -0.9293670654296875, 0.4723234474658966, -0.37749382853507996, -1.8586875200271606, -0.17555542290210724, -0.6253563165664673, 0.22614774107933044, 0.8806740641593933, -0.4469870924949646, 0.5307764410972595, 1.0976368188858032, 1.2086312770843506, -0.4164386987686157, -3.348865032196045, 2.2845046520233154, -2.0697829723358154, 0.5263895988464355, -3.920074462890625, -0.542328953742981, 1.2371336221694946, -1.7101941108703613, 2.8560521602630615, 1.4144117832183838, 1.0014185905456543, -4.155945301055908, 1.4824566841125488, -3.364748477935791, -2.260103940963745, 0.4634762108325958, 3.604825496673584, -4.734755516052246, -6.713052272796631, 0.6335023641586304, -7.842068672180176, -1.9201316833496094, -3.033583164215088, 3.7561702728271484, 4.680987358093262, 0.4073895812034607, 0.13457095623016357, 3.8698313236236572, 0.5814008712768555, 3.6282331943511963, -4.065490245819092, -0.3863784372806549, -0.00215037539601326, 0.014166075736284256, -0.6927375197410583]]], "R_list": [[[0.13192489268249732, -0.01180430764676131, 0.9911894274111746, -0.07930000035572611], [-0.5337049717240524, 0.8417768828738109, 0.08105974720093075, 0.02080000023943103], [-0.8353172007373845, -0.5396965237800138, 0.10475130725689787, -0.6924000007524975]], [[-0.19275535821602052, 0.36683082232160724, -0.9100991812290937, -0.07930000035572611], [0.39539781455419, -0.8198229066341519, -0.4141871195531085, 0.02080000023943103], [-0.8980567577412821, -0.43968801388346257, 0.0129811525848852, -0.6924000007524975]], [[0.37060021555935907, 0.27182686766732495, -0.8881247852872517, -0.07930000035572611], [0.5925564875582447, -0.8055285806298177, 0.0007175243182370072, 0.02080000023943103], [-0.7152148553266999, -0.5265300179502418, -0.4596018395495448, -0.6924000007524975]], [[-0.3716369172080728, -0.1487582104853289, -0.9163825601686679, -0.07930000035572611], [-0.18304063544578328, -0.955962787208218, 0.22941507197370115, 0.02080000023943103], [-0.9101550019330131, 0.25299435623408134, 0.32804226582868695, -0.6924000007524975]], [[-0.14806062747161366, 0.922272688739949, 0.35705901220540115, -0.07930000035572611], [-0.8575488958870054, -0.29956663027905767, 0.41817427609338637, 0.02080000023943103], [0.49263367907167027, -0.24428041597237202, 0.8352479491843575, -0.6924000007524975]], [[-0.5688992794992456, -0.388167619032271, 0.7250375916599477, -0.07930000035572611], [0.8032710083106827, -0.45134058832875973, 0.38864811917026976, 0.02080000023943103], [0.176378278120574, 0.8035033122905385, 0.5685711302426063, -0.6924000007524975]], [[0.38308126583019864, -0.3218023302256652, 0.865847563969123, -0.07930000035572611], [-0.9054434907682675, -0.31633050144097097, 0.2830319750195696, 0.02080000023943103], [0.18281364499212607, -0.8924002880543215, -0.4125541141295976, -0.6924000007524975]], [[-0.6374712289162687, 0.70056716665258, 0.32068064692519066, -0.07930000035572611], [0.7668674974009827, 0.5366937370790575, 0.3519574889245422, 0.02080000023943103], [0.0744625659908129, 0.470282338163461, -0.8793690059796127, -0.6924000007524975]], [[-0.040630162988723906, -0.1342549004968193, 0.9901135346757455, -0.07930000035572611], [-0.3707402487127935, 0.9222190228155235, 0.10983506699391363, 0.02080000023943103], [-0.9278474324154193, -0.3626123214257488, -0.0872436044093985, -0.6924000007524975]], [[-0.3065290265472871, -0.04920465954179685, -0.9505886898987114, -0.07930000035572611], [-0.10784586803879385, -0.9904371653991442, 0.08604353632358189, 0.02080000023943103], [-0.9457321103943399, 0.12889190383994004, 0.2982912209462157, -0.6924000007524975]]], "trans_list": [[[-0.07930000035572611], [0.02080000023943103], [-0.6924000007524975]], [[-0.07930000035572611], [0.02080000023943103], [-0.6924000007524975]], [[-0.07930000035572611], [0.02080000023943103], [-0.6924000007524975]], [[-0.07930000035572611], [0.02080000023943103], [-0.6924000007524975]], [[-0.07930000035572611], [0.02080000023943103], [-0.6924000007524975]], [[-0.07930000035572611], [0.02080000023943103], [-0.6924000007524975]], [[-0.07930000035572611], [0.02080000023943103], [-0.6924000007524975]], [[-0.07930000035572611], [0.02080000023943103], [-0.6924000007524975]], [[-0.07930000035572611], [0.02080000023943103], [-0.6924000007524975]], [[-0.07930000035572611], [0.02080000023943103], [-0.6924000007524975]]], "r_list": [[2.483013706532407, 1.7036386451301633, 3.2308324873166727], [4.681057960854428, 4.285115995003632, 1.0869878581531387], [3.1431538391063687, 5.189936441779494, 5.650342819749773], [2.531305697972575, 4.300540813016581, 5.902438999762002], [5.819010758638969, 0.3651174578740019, 4.553208330261938], [5.683583551942985, 0.8110889754880235, 2.542835755688033], [0.6013007868004009, 2.0947506725396168, 3.8402740072845276], [0.38071211756027545, 2.815144655655063, 0.8325188084901547], [0.8995316794125222, 1.7115286882124958, 5.006260979815856], [2.860761144099619, 4.3967193070396045, 6.1240210934075785]]}