{"recon_params": [[[-4.603877187037142e-06, -7.488771643693326e-06, 7.830506365280598e-05, 8.787810656940565e-06, 2.4930870495154522e-05, 4.184364570392063e-07, -7.8201548603829e-05, -3.713209252964589e-06, -4.147404615650885e-05, -7.860262485337444e-08, 1.443162202835083, 1.4287617206573486, -0.6403935551643372, -1.2095648050308228, 0.617554247379303, 0.3530871272087097, -1.8658829927444458, 0.3283805549144745, -0.8221431970596313, 0.1254611313343048, 0.5998932719230652, 0.2663623094558716, -0.08296020328998566, -0.14271199703216553, 0.7533068656921387, -0.1967623084783554, -2.962770462036133, 0.9772258400917053, -1.1985987424850464, 0.44507044553756714, -2.820186138153076, 0.4903426170349121, 2.2593483924865723, -0.79511958360672, 0.915631890296936, 0.5337924957275391, -0.568160355091095, -2.721083641052246, 1.8488867282867432, -3.0776922702789307, -2.1591198444366455, 2.4858410358428955, 2.9639906883239746, -5.224665641784668, -4.4007768630981445, -0.21763508021831512, -5.345943450927734, -1.7547448873519897, -1.9252169132232666, 2.963162422180176, 4.649400234222412, -0.1956596076488495, -0.2626058757305145, 2.783790349960327, 0.4198002219200134, 3.3017685413360596, -2.9881932735443115, 0.5358994007110596, -0.056642789393663406, 0.03329484909772873, -0.7445488572120667]], [[-5.282334768708097e-06, -1.1666885257000104e-05, 7.927727710921317e-05, 7.338840987358708e-06, 3.255074261687696e-05, 9.40003360483388e-07, -7.118460780475289e-05, 8.943318789533805e-06, -6.006213880027644e-05, -9.65594153967686e-07, 1.5062259435653687, 1.2580255270004272, -0.8923412561416626, -1.0729225873947144, 0.4895040690898895, -0.2583102285861969, -1.4208489656448364, -0.05277223140001297, -0.3641812801361084, -0.3807580769062042, 0.554129421710968, -0.7278528809547424, 0.7048760652542114, 0.23234668374061584, 1.9376161098480225, -1.0899829864501953, -3.1012189388275146, 1.3000752925872803, -2.668689727783203, 1.1153489351272583, -2.936312198638916, 0.6774902939796448, 2.7098755836486816, -0.538779616355896, 4.047147750854492, 0.0073438361287117004, 0.40472412109375, -2.554421901702881, 1.5344390869140625, -3.1027939319610596, 0.4978271722793579, -2.2176437377929688, -0.509720504283905, -3.4985456466674805, -5.177639961242676, -1.0013400316238403, -6.71228551864624, -2.805982828140259, -4.20136022567749, 2.461049795150757, 5.034130096435547, 1.271329402923584, 0.17601847648620605, 2.0704517364501953, 0.9451674222946167, 4.234978675842285, -4.1740875244140625, -0.34717246890068054, -0.05568594112992287, 0.003482777625322342, -0.7330257296562195]], [[-7.342203844018513e-06, -1.5602206985931844e-05, 0.00010368014773121104, 1.124762184190331e-05, -8.148650181283301e-07, 1.6207266071432969e-06, -9.386343299411237e-05, 3.892894710588735e-06, -0.00015382678247988224, 3.1921445042826235e-08, 1.8808218240737915, 1.0798574686050415, -0.7822887301445007, -1.0947000980377197, 0.6518228650093079, -0.3332981467247009, -1.3796132802963257, -0.6826451420783997, -0.7416936159133911, 0.541118323802948, 1.394421100616455, -0.8159741759300232, 0.4369146525859833, 2.7378108501434326, 2.0719127655029297, -1.0463851690292358, -2.6427559852600098, 3.1734015941619873, -2.5412774085998535, 1.086929202079773, -3.674795389175415, -0.508540689945221, 1.857326626777649, -1.5367908477783203, 3.754610061645508, 0.030416831374168396, 1.3357410430908203, -3.6934375762939453, 1.1976866722106934, -3.0012524127960205, -1.973909854888916, -2.6865735054016113, -1.4813611507415771, -2.0027828216552734, -5.641571044921875, 3.1192221641540527, -9.627806663513184, -2.8355355262756348, -4.78574800491333, 1.7804116010665894, 7.920418739318848, 1.4936448335647583, -0.6547021865844727, 2.69130277633667, 1.0242278575897217, 4.994758605957031, -3.7660253047943115, -0.4178704023361206, -0.038988787680864334, 0.001723501831293106, -0.7171763181686401]], [[-6.631580163229955e-06, -1.706048715277575e-05, 0.00012908199278172106, 6.311721335805487e-06, -3.667490545922192e-06, 1.753605715748563e-06, -0.0001220379417645745, 1.9150760635966435e-05, -0.0001719715801300481, -3.8392954593291506e-07, 1.3196550607681274, 1.3143823146820068, -0.9821906685829163, -1.1577868461608887, 0.6100479364395142, -0.055323220789432526, -1.1918070316314697, 0.3611662685871124, -1.0604842901229858, -0.36391401290893555, 1.487767219543457, -0.5795456767082214, 0.2910337448120117, 1.934037208557129, 1.078961730003357, -1.3510030508041382, -2.3220653533935547, 1.55808424949646, -3.262265205383301, 1.7288998365402222, -5.068065643310547, 1.1500086784362793, 2.2813334465026855, 0.42802298069000244, 3.8709208965301514, -1.6378072500228882, 1.363893985748291, -1.0271077156066895, 1.4233334064483643, -5.09311056137085, -0.22963954508304596, -1.9056028127670288, -2.2820117473602295, -3.811469316482544, -2.2188405990600586, -0.43294650316238403, -6.368717670440674, -2.408317804336548, -5.681758403778076, -1.2455264329910278, 6.78261137008667, -0.9806157946586609, 0.316987544298172, 2.328507661819458, 1.7292393445968628, 1.0641502141952515, -0.12509673833847046, -1.342483401298523, -0.06774339079856873, 0.001359015703201294, -0.7378261685371399]], [[-1.0554578693700023e-05, -2.23239458136959e-05, 0.00015006463218014687, 1.297158632951323e-05, 9.693330866866745e-06, 1.9581550532166148e-06, -0.00014026301505509764, 4.626873851520941e-05, -0.0002077139070024714, 5.930392035224941e-07, 1.341601014137268, 1.3045021295547485, -0.9747810959815979, -0.8067015409469604, 0.6527507305145264, -0.3118228614330292, -1.320909023284912, -1.2559263706207275, -0.3665192127227783, 0.421810120344162, 1.7185869216918945, -1.5833051204681396, 2.3322861194610596, 3.376805305480957, -0.11469704657793045, -0.982440710067749, -2.1499621868133545, -0.09688510000705719, -2.2347025871276855, 0.5274255871772766, -3.293388843536377, -0.5600452423095703, 1.3555514812469482, -1.2551130056381226, 2.0177993774414062, 2.147010564804077, 2.1398096084594727, -1.8171720504760742, 1.4125962257385254, -2.777151346206665, -2.3118550777435303, -3.0961225032806396, -2.1228229999542236, 1.7669837474822998, -4.171408176422119, 1.6298139095306396, -8.19754409790039, -3.434636354446411, -6.553272724151611, 3.8721864223480225, 10.219882011413574, 1.1424154043197632, -0.8493266701698303, 1.2286690473556519, 3.1357340812683105, 3.1096231937408447, -1.7433871030807495, 0.716562032699585, -0.06674011051654816, -0.0005196370184421539, -0.7368019223213196]], [[-4.715024715551408e-06, -9.19560989132151e-06, 7.87824101280421e-05, 1.0772188034025021e-05, 1.938873356266413e-05, 6.551783826580504e-07, -7.320835720747709e-05, -1.009237803373253e-05, -7.326680497499183e-05, 1.0370713425800204e-06, 1.5955746173858643, 1.3889175653457642, -0.7976072430610657, -0.8179628849029541, 0.6964125037193298, 0.05152297765016556, -1.6134212017059326, 0.24197624623775482, -1.315821886062622, 0.030904926359653473, 0.5624977946281433, -0.17842510342597961, 0.5566893815994263, 0.4046013355255127, 0.9706279635429382, -1.1017359495162964, -2.3222734928131104, 2.1803665161132812, -1.434883713722229, 0.263321191072464, -2.5624337196350098, 0.7191107273101807, 3.605806827545166, -0.6724084615707397, 1.6684762239456177, -0.005447909235954285, 1.3527307510375977, -2.313400983810425, 0.9106221199035645, -3.0558907985687256, -0.5564197897911072, -0.6915846467018127, -0.23316264152526855, -4.630692481994629, -4.438063144683838, 1.076887607574463, -6.394647598266602, -1.4271951913833618, -3.529273271560669, 0.7731884717941284, 5.3845977783203125, -1.3513214588165283, 0.48955637216567993, 2.9620673656463623, 0.8387771844863892, 1.8631010055541992, -2.917086362838745, 0.8413325548171997, -0.05780874565243721, 0.026003137230873108, -0.7421950697898865]], [[-5.362870069802739e-06, -9.281091479351744e-06, 7.00128439348191e-05, 2.126493382093031e-05, -0.00010024631046690047, 2.1541916339629097e-06, -5.1821625675074756e-05, 1.870057349151466e-05, -0.00014619462308473885, -3.731111064553261e-08, 1.2776769399642944, 1.250272274017334, -1.070198893547058, -0.9401468634605408, 0.9236424565315247, 0.3966185450553894, -1.2468234300613403, -0.584118664264679, -0.48950403928756714, 0.9813857674598694, 1.414534568786621, -1.0855693817138672, 0.2668762505054474, 1.7677075862884521, 2.15629243850708, -0.3169194459915161, -3.212656259536743, 2.1372897624969482, -2.915574073791504, 0.382965624332428, -4.655903339385986, 0.4457264542579651, 0.07931789010763168, 0.311626136302948, 2.6228253841400146, 1.688578724861145, -0.38800427317619324, -3.426346778869629, 1.6963577270507812, -5.643433570861816, -1.7631409168243408, 2.7380590438842773, 3.5604135990142822, -5.743746757507324, -4.946357727050781, 0.32587170600891113, -8.171504974365234, -2.9387094974517822, -5.317034721374512, 6.166974067687988, 6.8086113929748535, -0.43398648500442505, 1.580141305923462, 5.4753217697143555, 1.7123380899429321, 1.4765875339508057, -3.7573745250701904, 1.4977493286132812, -0.07120327651500702, -0.006793752312660217, -0.7363297343254089]], [[-3.887538696289994e-06, -6.615649454033701e-06, 6.343002314679325e-05, 1.1082034689025022e-05, -8.78172977536451e-06, 8.713724355402519e-07, -5.9148176660528407e-05, -1.1597646789596183e-06, -2.9990334951435216e-05, -4.159078343946021e-07, 1.4789619445800781, 1.3853155374526978, -0.7892594933509827, -0.8157007098197937, 0.8199003338813782, 0.22534242272377014, -1.395495891571045, 0.2588493824005127, -0.7328744530677795, -0.08265560120344162, 0.9389261603355408, -0.18725377321243286, 0.3154379427433014, -0.14431384205818176, 0.7699100375175476, -0.3762713074684143, -2.8872289657592773, 1.4201231002807617, -1.2957972288131714, 0.2045137733221054, -2.983539342880249, 0.37536486983299255, 2.21584153175354, -1.682866096496582, 1.4262953996658325, 0.42360424995422363, 0.5838656425476074, -2.9252734184265137, 1.1287548542022705, -2.9609525203704834, -1.8624482154846191, 1.099694013595581, 2.9231221675872803, -5.505470275878906, -5.779464244842529, 0.3360704779624939, -6.455399990081787, -1.2779709100723267, -1.7632914781570435, 2.2473840713500977, 3.5313169956207275, -1.1860631704330444, -0.03648096323013306, 3.2918481826782227, 1.092106580734253, 2.213136911392212, -2.603621006011963, -0.6276297569274902, -0.06528916954994202, 0.023137327283620834, -0.7423215508460999]], [[-5.350101218937198e-06, -7.694281521253288e-06, 6.307555304374546e-05, 1.3219916581874713e-05, 2.095446143357549e-05, 7.4505919656076e-07, -5.4753087169956416e-05, -1.5159185750235338e-05, -1.4527122402796522e-05, 4.6447325985354837e-07, 1.5447255373001099, 1.3819323778152466, -0.7757264375686646, -0.9070191979408264, 0.26874762773513794, -0.009138397872447968, -1.5637187957763672, 0.7272763848304749, -1.465071678161621, 0.09216032177209854, 0.4755840301513672, 0.13170859217643738, 0.18342038989067078, -0.20335102081298828, 0.5872491598129272, -0.4754371643066406, -2.3068292140960693, 1.150944709777832, -0.737450122833252, 0.19606564939022064, -2.244917392730713, 1.06344473361969, 3.583861827850342, -0.6601814031600952, 0.5519768595695496, -0.2513522505760193, 0.46407565474510193, -1.9135884046554565, 1.12069571018219, -2.463926076889038, -1.407957673072815, 0.624311089515686, 0.5803458094596863, -4.945830345153809, -3.7919321060180664, 0.728398323059082, -5.620810031890869, -1.08256995677948, -1.7040314674377441, 0.4341753423213959, 4.493979454040527, -1.7695273160934448, 0.10938113182783127, 2.544818162918091, 0.5744596123695374, 1.7259694337844849, -2.1167914867401123, 0.5797754526138306, -0.056846875697374344, 0.029193967580795288, -0.7561973333358765]], [[-1.2022494047414511e-05, -2.6119645553990267e-05, 0.00013316332479007542, -2.5280858153564623e-06, 3.6893401556881145e-05, 1.194833316731092e-06, -0.00011799723142758012, -1.6514150047441944e-05, -0.00027324914117343724, -4.726732640847331e-07, 1.3480561971664429, 1.3164294958114624, -1.1560425758361816, -1.2532548904418945, 0.29172831773757935, 0.20379352569580078, -1.2596814632415771, 0.6821356415748596, -1.1854894161224365, 0.03635358065366745, -0.5197910666465759, 0.769641101360321, -0.9146596193313599, 0.3752090632915497, 1.7216500043869019, -0.8617533445358276, -1.9696415662765503, 1.1579501628875732, -2.083862781524658, 0.4458627998828888, -2.1873600482940674, 1.5386914014816284, 4.746039390563965, 1.0257807970046997, 2.720123291015625, -1.4083514213562012, -1.7714965343475342, -2.0058796405792236, 0.5532282590866089, -1.0651469230651855, 0.32042455673217773, -1.844901204109192, -4.90083122253418, -3.5790910720825195, -3.00496506690979, 1.0911283493041992, -5.705368995666504, -2.235316038131714, -2.6663615703582764, -1.1948413848876953, 6.141483783721924, 0.94923335313797, -1.4469293355941772, -0.3510390520095825, -0.38673561811447144, 5.766046524047852, -3.2607243061065674, 1.2077865600585938, -0.07983638346195221, -0.0006548836827278137, -0.7556453347206116]]], "R_list": [[[-0.7155074325747471, 0.049858354257378286, 0.6968236925083988, -0.07929999995120872], [-0.6906531305167646, 0.09958484130705643, -0.7162968048855457, 0.020799999682856687], [-0.10510645668885768, -0.9937791524743284, -0.03681886567670341, -0.6923999998536262]], [[-0.827241821229924, 0.2754939435324238, -0.48966729141852244, -0.07929999995120872], [0.545825612513841, 0.6006987419060895, -0.5841535946960627, 0.020799999682856687], [0.13321174847620945, -0.7505092328208863, -0.6472947717373562, -0.6923999998536262]], [[0.9165727717929647, -0.020305000228943385, 0.3993520514201282, -0.07929999995120872], [-0.3922696067122377, -0.2394263257343633, 0.8881439017384339, 0.020799999682856687], [0.07758163221786822, -0.9707021899177141, -0.22741668547264998, -0.6923999998536262]], [[-0.15138097894338876, -0.21827608285493036, 0.9640743492426552, -0.07929999995120872], [0.9718751823930453, 0.14512661499082372, 0.1854640004685287, 0.020799999682856687], [-0.18039520243794294, 0.9650356559603449, 0.19016769878862372, -0.6923999998536262]], [[-0.16812653152875714, 0.12251752083656367, 0.9781221429270336, -0.07929999995120872], [-0.9032193801025993, -0.416619712023953, -0.1030668082369614, 0.020799999682856687], [0.39487747568478254, -0.900787140583801, 0.18070502637080518, -0.6923999998536262]], [[-0.8561562161881214, -0.23151716859730784, -0.4619484106771276, -0.07929999995120872], [-0.5166201781326777, 0.3662198364102462, 0.77394226074418, 0.020799999682856687], [-0.0100062494771411, 0.901267347718943, -0.4331478303155435, -0.6923999998536262]], [[0.566066469649236, 0.7199257379397244, -0.4015914388913112, -0.07929999995120872], [-0.8221381737690103, 0.5287617124240772, -0.2109499341220906, 0.020799999682856687], [0.060477889931836545, 0.44957533665260246, 0.8911927072766541, -0.6923999998536262]], [[-0.3101824259290456, 0.08306377496982328, -0.9470413253562564, -0.07929999995120872], [-0.9394463261952662, -0.17945087720127567, 0.29195544672074575, 0.020799999682856687], [-0.14569647505341266, 0.9802539425880701, 0.1336964666606977, -0.6923999998536262]], [[0.8653414352816046, -0.40358298981729634, -0.29716152293812287, -0.07929999995120872], [0.018900846696078822, -0.566219618917348, 0.8240376818733866, 0.020799999682856687], [-0.500826275647498, -0.7186905547474691, -0.4823452374988594, -0.6923999998536262]], [[-0.13605374977411186, 0.04965900534561923, -0.989456093194886, -0.07929999995120872], [-0.831007783040371, -0.5494642123861573, 0.08668992924894627, 0.020799999682856687], [-0.5393657772780275, 0.8340402043636407, 0.11602368640206868, -0.6923999998536262]]], "trans_list": [[[-0.07929999995120872], [0.020799999682856687], [-0.6923999998536262]], [[-0.07929999995120872], [0.020799999682856687], [-0.6923999998536262]], [[-0.07929999995120872], [0.020799999682856687], [-0.6923999998536262]], [[-0.07929999995120872], [0.020799999682856687], [-0.6923999998536262]], [[-0.07929999995120872], [0.020799999682856687], [-0.6923999998536262]], [[-0.07929999995120872], [0.020799999682856687], [-0.6923999998536262]], [[-0.07929999995120872], [0.020799999682856687], [-0.6923999998536262]], [[-0.07929999995120872], [0.020799999682856687], [-0.6923999998536262]], [[-0.07929999995120872], [0.020799999682856687], [-0.6923999998536262]], [[-0.07929999995120872], [0.020799999682856687], [-0.6923999998536262]]], "r_list": [[1.6221528174934732, 0.7709594151532077, 3.2111627069634108], [5.549016194762195, 3.653300779419502, 0.321474917785564], [4.461716494122964, 0.41080998518128764, 0.02214955558543612], [2.3687159374001863, 1.8396563066051186, 5.318759349944811], [3.6599323967524158, 1.7803582470744945, 0.6297436077949086], [4.202156275197641, 5.802994501642525, 2.8774943998346085], [3.374019943079995, 3.554846561164068, 2.237118045852889], [2.0002289469485546, 4.3854858530429635, 0.26165092290880265], [1.0412232535255062, 3.4433111616536314, 3.5779891805052837], [2.499902377441126, 4.567044643889615, 0.3499708773510056]]}