{"recon_params": [[[-5.4732618082198314e-06, -9.450106517761014e-06, 8.734456787351519e-05, 2.1431915229186416e-05, -4.3041993194492534e-05, 1.7114712136390153e-06, -8.019062806852162e-05, -5.255856194708031e-08, -0.0001544037222629413, -2.376827978878282e-07, 1.335098385810852, 1.2614023685455322, -0.7748444080352783, -0.7501629590988159, 0.07597962021827698, 0.6866779327392578, -1.1273117065429688, 0.44123440980911255, -1.4091320037841797, 0.7303950190544128, 1.523510456085205, -0.13022011518478394, -0.5242040753364563, 0.8463250398635864, 0.901332676410675, -0.7918024063110352, -3.3601279258728027, 2.2017757892608643, -2.8587255477905273, 0.5053752064704895, -5.666536331176758, -0.19522243738174438, 0.18582865595817566, -0.12168525904417038, 2.051067590713501, 0.7346066832542419, -0.5135288834571838, -1.2222322225570679, 1.6234650611877441, -5.922472953796387, -1.810206651687622, 2.2083046436309814, 3.2955617904663086, -5.379267692565918, -1.7373237609863281, -0.9594199061393738, -6.293796062469482, -2.2908923625946045, -5.74794864654541, 6.022225379943848, 6.68004035949707, -1.8770898580551147, 0.9278995394706726, 5.475949287414551, 1.660305142402649, -2.3935463428497314, -0.8207951784133911, 0.8902420997619629, -0.05328219011425972, 0.011307351291179657, -0.7541050314903259]], [[-7.254136562551139e-06, -1.3297349141794257e-05, 8.662776235723868e-05, 2.1623982320306823e-05, -8.036261533561628e-06, 1.1483983826110489e-06, -6.793454667786136e-05, 1.0482234756636899e-05, -0.00023031952150631696, -6.068371476430912e-07, 1.374968409538269, 1.2265586853027344, -0.5052312016487122, -0.48513901233673096, 0.5791355967521667, 0.7267673015594482, -1.0006216764450073, -1.2555961608886719, 0.13758578896522522, 0.9058288335800171, 0.7767744660377502, -0.4942418932914734, 0.1479543149471283, 0.7501939535140991, 2.3658676147460938, -0.44052937626838684, -3.4624228477478027, 1.51997709274292, -2.918931484222412, -0.17321215569972992, -4.733207702636719, 0.4103584289550781, 0.5891655683517456, -0.11246700584888458, 2.8956515789031982, 1.2573907375335693, -1.7507696151733398, -2.2120096683502197, 1.0399430990219116, -4.988135814666748, -1.503983974456787, 2.523831367492676, 2.7336764335632324, -5.881120681762695, -4.376550674438477, -0.7082414627075195, -7.444471836090088, -3.327467679977417, -5.6362385749816895, 5.390596866607666, 5.865732669830322, -1.062308669090271, 1.6502984762191772, 4.374985218048096, 3.031273365020752, 2.344334840774536, -3.5891335010528564, 1.7712571620941162, -0.04591565206646919, 0.01639872044324875, -0.7198706269264221]], [[-4.983901362720644e-06, -1.230635098181665e-05, 9.014600800583139e-05, 8.572071237722412e-06, 1.5381410776171833e-05, 1.4064604556551785e-06, -8.514694491168484e-05, -2.614714276205632e-06, -9.207072434946895e-05, -1.5331083886849228e-06, 2.050034761428833, 1.0689239501953125, -0.6454819440841675, -0.7532366514205933, 0.8688010573387146, -0.31647756695747375, -1.6437146663665771, -0.260130912065506, -0.7196279764175415, 0.08439325541257858, 1.5813311338424683, -0.6943662762641907, 0.327854722738266, 1.792826771736145, 1.2734519243240356, -0.0777045339345932, -3.137835741043091, 2.4041309356689453, -2.4512243270874023, 0.8196281790733337, -4.594141483306885, -0.8039239048957825, 0.42793408036231995, -1.2850618362426758, 3.160301446914673, 1.6627826690673828, 0.8005398511886597, -4.736636638641357, 2.201977491378784, -3.50173282623291, -2.8361380100250244, 0.7872694730758667, 3.836726427078247, -3.8504302501678467, -6.416735649108887, 1.2687950134277344, -8.480274200439453, -2.091282844543457, -3.0479187965393066, 4.885530471801758, 6.050002574920654, 1.8388665914535522, -0.4701562225818634, 4.0020928382873535, -0.43487799167633057, 3.869697093963623, -3.9619789123535156, -0.6695424318313599, -0.03858018293976784, 0.028298579156398773, -0.7040702700614929]], [[-3.6633537092711776e-06, -6.721069439663552e-06, 4.2870444303844124e-05, 3.2548539365961915e-06, 9.405900527781341e-06, 8.131305548886303e-07, -3.710943929036148e-05, -6.042107088433113e-06, 2.689670873223804e-05, 9.385134944750462e-07, 1.6563869714736938, 1.3168200254440308, -0.6985397338867188, -0.8007753491401672, 0.19238947331905365, -0.3004668653011322, -1.547458529472351, 0.8375982642173767, -0.7721534371376038, -0.09928657859563828, 0.9839569926261902, -0.29903289675712585, 0.045284662395715714, -0.7551178932189941, 0.8111715316772461, -0.06593471020460129, -2.385211229324341, -0.084567591547966, -1.1520103216171265, 0.09348201006650925, -1.9643993377685547, 1.6419956684112549, 2.8474340438842773, -1.8613426685333252, 1.0366051197052002, -1.5427221059799194, -0.544061541557312, -1.4105863571166992, 0.6652476787567139, -2.3302507400512695, -0.6890629529953003, 0.08167792856693268, 0.3628612756729126, -5.141827583312988, -5.274110317230225, -0.3669761121273041, -5.893135070800781, -1.4180476665496826, -0.5349160432815552, 0.864438533782959, 2.2968733310699463, -1.6598161458969116, -1.2095144987106323, 1.8851374387741089, 2.363600730895996, 1.6823941469192505, -0.6969118118286133, -2.5173842906951904, -0.0395859070122242, 0.028091952204704285, -0.7487733960151672]], [[-2.6606153369357344e-06, -6.2898175201553386e-06, 7.671788625884801e-05, 1.2016603250231128e-05, 2.550414137658663e-05, 9.016255262395134e-07, -7.576422649435699e-05, 2.8828319500462385e-06, -6.243283860385418e-05, -7.472399374819361e-07, 1.1341917514801025, 1.3824766874313354, -0.8474987149238586, -0.4860914349555969, 0.9265734553337097, -0.08584783226251602, -1.4371261596679688, -0.6839088797569275, 0.16792654991149902, -0.061508484184741974, 1.0502699613571167, -0.5471293926239014, 0.36006835103034973, 0.7914499044418335, 1.4061752557754517, -0.1387014538049698, -3.2038662433624268, 1.5893449783325195, -2.4906163215637207, 0.711961567401886, -4.250477313995361, -0.7302544116973877, 0.38468244671821594, -1.6233994960784912, 3.2316911220550537, 1.3572771549224854, -0.43490102887153625, -3.6164660453796387, 2.2789735794067383, -3.3243300914764404, -2.1361937522888184, 0.9077168107032776, 3.6858179569244385, -3.666743516921997, -5.631699562072754, -0.2974911630153656, -7.130671501159668, -2.680123805999756, -3.5970237255096436, 5.1714019775390625, 4.949166297912598, 1.851967453956604, -0.0012441854923963547, 3.120959520339966, 0.8908106088638306, 4.349830627441406, -4.050046920776367, -0.5840672254562378, -0.08813704550266266, 0.013885654509067535, -0.7520226836204529]], [[-5.116873580846004e-06, -1.0944464520434849e-05, 8.212119428208098e-05, 6.578335160156712e-06, 1.2188227628939785e-05, 7.685041509830626e-07, -7.739227294223383e-05, 3.8847765608807094e-06, -9.372890053782612e-05, -6.85554368828889e-07, 1.9033218622207642, 1.0028400421142578, -0.49289610981941223, -1.2049894332885742, 0.25318872928619385, -0.4979967176914215, -1.610727071762085, 0.3455842435359955, -0.4942381978034973, -0.5287306308746338, 0.6504263877868652, -0.4414691925048828, 0.505057692527771, -0.08861562609672546, 1.5352678298950195, -0.9345183372497559, -2.653409242630005, 1.2420530319213867, -2.3976402282714844, 0.7195835113525391, -2.814786195755005, 0.5431485772132874, 3.068763494491577, -1.2451858520507812, 3.6316354274749756, -0.7845717072486877, 0.17813865840435028, -1.9671953916549683, 1.2201485633850098, -2.460897445678711, 0.6116762161254883, -2.7778944969177246, -1.5205190181732178, -3.1738460063934326, -4.638006210327148, -0.5251691341400146, -6.345706939697266, -2.4103760719299316, -3.782684564590454, 1.474771499633789, 4.42884635925293, 0.767948567867279, -0.2198524922132492, 1.4746922254562378, 1.3166693449020386, 3.34053111076355, -3.1606438159942627, -1.1010757684707642, -0.018975261598825455, 0.02710491418838501, -0.7338446974754333]], [[-2.717485131142894e-06, -5.528241672436707e-06, 6.615315214730799e-05, 1.155995596491266e-05, 8.344080924871378e-06, 6.893460522405803e-07, -6.661309453193098e-05, 6.58929184282897e-06, -8.436760981567204e-05, -9.328014130005613e-07, 1.3497587442398071, 1.3639159202575684, -0.5682602524757385, -0.8694673776626587, 0.3950134813785553, -0.2742958068847656, -1.4281463623046875, 0.06111209839582443, 0.07413443922996521, -0.3373987376689911, 0.7637660503387451, -0.2810470461845398, 0.4346526265144348, -0.569056510925293, 0.8871246576309204, -0.30187201499938965, -2.7902584075927734, 1.0274021625518799, -1.7805113792419434, 0.3164865970611572, -3.1413979530334473, -0.21627864241600037, 1.8843351602554321, -2.019646644592285, 2.7074759006500244, 0.2950722277164459, -0.5192564725875854, -2.46044659614563, 1.605454921722412, -1.751268982887268, -1.266877293586731, -0.5500792860984802, 1.92830491065979, -3.6924116611480713, -4.820535659790039, -0.5144489407539368, -5.978560447692871, -1.7729096412658691, -2.057870626449585, 2.463258743286133, 3.0987017154693604, 0.493186891078949, 0.009653450921177864, 1.9529682397842407, 0.9449646472930908, 3.415548324584961, -2.9239230155944824, -1.1750833988189697, -0.06228556111454964, 0.035238102078437805, -0.7530658841133118]], [[-4.183000783086754e-06, -8.143466402543709e-06, 7.738611020613462e-05, 1.1269034985161852e-05, 2.4452989237033762e-05, 6.269560799410101e-07, -7.598609226988629e-05, 1.1030836049030768e-06, -6.230806320672855e-05, -9.239242899639066e-07, 1.298040747642517, 1.3014355897903442, -0.4295043349266052, -1.0797839164733887, 0.637520968914032, -0.34874972701072693, -1.7773864269256592, 0.30885764956474304, -0.2769047021865845, -0.40563565492630005, 0.7387557625770569, -0.2926689088344574, 0.39875394105911255, -0.25226011872291565, 1.2474842071533203, -0.5700324773788452, -3.5625360012054443, 1.647298812866211, -2.2323994636535645, 0.7843093276023865, -3.426251173019409, 0.01647048443555832, 1.725297212600708, -1.4956014156341553, 3.204239845275879, 0.6799213290214539, 0.1636599600315094, -3.58233642578125, 1.7247650623321533, -3.288478136062622, -0.876348078250885, 0.3616265654563904, 3.262749433517456, -5.370016098022461, -6.335936069488525, -1.1760460138320923, -6.27542781829834, -2.0836572647094727, -2.7288427352905273, 3.6924662590026855, 3.305699348449707, 0.7836823463439941, 0.10819405317306519, 3.106562376022339, 0.5944228172302246, 3.819742441177368, -4.161068916320801, -0.8885000944137573, -0.04803327098488808, 0.028327137231826782, -0.7228276133537292]], [[-3.953698524128413e-06, -8.443026672466658e-06, 7.719093991909176e-05, 1.140635140473023e-05, -1.6176578355953097e-05, 7.105725217115832e-07, -7.401133916573599e-05, -2.640633738337783e-07, -7.632614870090038e-05, -7.565295163658448e-07, 1.558568000793457, 1.3293814659118652, -0.9428220987319946, -0.36322563886642456, 1.0187433958053589, -0.028385348618030548, -1.4318922758102417, -0.3310880661010742, -0.23811495304107666, -0.029601506888866425, 0.9025915265083313, -0.5018100142478943, 0.6662114858627319, 0.529883861541748, 1.0162270069122314, -0.3217271566390991, -3.2276713848114014, 1.6084370613098145, -1.9912017583847046, 0.1770353615283966, -3.6309659481048584, -0.33989417552948, 1.4094372987747192, -2.0028903484344482, 2.3777177333831787, 1.342822790145874, 0.5237047076225281, -3.5012614727020264, 1.6742637157440186, -3.4261677265167236, -1.8280677795410156, 0.763455867767334, 3.565335988998413, -4.8113203048706055, -6.507173538208008, 0.02302994206547737, -7.339736461639404, -2.127227544784546, -3.4460060596466064, 4.372991561889648, 4.540241241455078, 0.07908914983272552, 0.37261962890625, 3.6200287342071533, 1.571851134300232, 3.0015621185302734, -3.814612865447998, -0.4232337176799774, -0.07423676550388336, 0.04005034267902374, -0.7760384678840637]], [[-3.7901031646470074e-06, -6.509960712719476e-06, 6.651166040683165e-05, 1.1694976819853764e-05, -2.659322854015045e-05, 9.094319466385059e-07, -6.358802784234285e-05, -3.1674615001975326e-06, -5.1549170166254044e-05, 4.874282240052707e-07, 1.1357370615005493, 1.4734368324279785, -0.6693486571311951, -0.546931266784668, 0.9706815481185913, 0.35654398798942566, -1.4927089214324951, -0.1817779839038849, -0.5636162161827087, -0.034751035273075104, 0.8057663440704346, -0.0945335254073143, 0.3460615873336792, -0.21906760334968567, 0.7300129532814026, -0.39295899868011475, -2.8522541522979736, 1.5287535190582275, -1.2299765348434448, 0.21486181020736694, -3.1602635383605957, 0.04763560742139816, 2.1934709548950195, -1.4957828521728516, 1.475532054901123, 0.9169748425483704, 0.48475751280784607, -2.964695930480957, 1.301318645477295, -2.6212756633758545, -2.1889212131500244, 1.2861300706863403, 3.3379900455474854, -5.140952110290527, -5.222468376159668, 0.3622925877571106, -6.19168758392334, -1.2003824710845947, -1.862142562866211, 2.2498621940612793, 3.7345502376556396, -1.0289733409881592, 0.3972187042236328, 3.25996994972229, 0.6113072037696838, 2.557905435562134, -2.9686758518218994, 0.15698137879371643, -0.08014093339443207, 0.03293374180793762, -0.7939277291297913]]], "R_list": [[[0.013666829349202181, -0.040557905832068926, -0.9990837172379785, -0.07930000122296528], [-0.9901969647512137, -0.13945541451110716, -0.007884057395725676, 0.02080000020879895], [-0.1390078730612896, 0.9893974144084129, -0.042066228603525754, -0.6924000014690498]], [[0.9853024417745033, -0.0854497577710345, -0.1479102333514243, -0.07930000122296528], [-0.12875547643429575, -0.9405377690080942, -0.31434174453523417, 0.02080000020879895], [-0.11225473496195508, 0.3287659410068939, -0.9377162846578239, -0.6924000014690498]], [[-0.55453565021922, 0.4989760822354839, -0.6659677784944814, -0.07930000122296528], [-0.0015902890070227384, -0.8009221448552717, -0.5987663892214607, 0.02080000020879895], [-0.8321584486243118, -0.3309782277391662, 0.4449333985506366, -0.6924000014690498]], [[0.5803166612271674, -0.00029440319481562115, -0.8143908680903242, -0.07930000122296528], [-0.28852824356188955, 0.9350622950810339, -0.20593677909708225, 0.02080000020879895], [0.7615668226552703, 0.3544833108124392, 0.5425472854841388, -0.6924000014690498]], [[0.05864911004755554, -0.9500200005427603, 0.3066305276050702, -0.07930000122296528], [-0.9417793315657417, 0.04921369460135943, 0.33261043714722677, 0.02080000020879895], [-0.3310769888201457, -0.3082855994567669, -0.8918228616947242, -0.6924000014690498]], [[-0.5300405011026229, 0.2575457521135982, -0.807915374751045, -0.07930000122296528], [-0.8470970222905726, -0.20409634099520882, 0.4906845406356436, 0.02080000020879895], [-0.038518852751938996, 0.944465388016209, 0.3263455665733273, -0.6924000014690498]], [[0.9587519451569567, -0.27180985571913474, 0.08315112742287285, -0.07930000122296528], [0.04843574559451615, 0.44448224637419675, 0.8944772278861273, 0.02080000020879895], [-0.28008692616124553, -0.8535542952806757, 0.43931353132068884, -0.6924000014690498]], [[-0.04518707078684962, -0.4599352105372374, -0.8868019681652556, -0.07930000122296528], [0.9989284553367402, -0.02969259529394811, -0.03550057609763216, 0.02080000020879895], [-0.01000348700494991, -0.8874558872939975, 0.46078409082233396, -0.6924000014690498]], [[0.19508658083593394, -0.5259665697338105, 0.8278287223213467, -0.07930000122296528], [-0.14437815278768526, 0.8194503419158684, 0.5546675455906739, 0.02080000020879895], [-0.9701011158510026, -0.22772857672328972, 0.08392568360296095, -0.6924000014690498]], [[0.22322075985146644, -0.9698197915256359, 0.0980921216841912, -0.07930000122296528], [0.9746662038665044, 0.2235181708796456, -0.008088159684121802, 0.02080000020879895], [-0.014081314277872976, 0.09741252102163152, 0.9951444705852602, -0.6924000014690498]]], "trans_list": [[[-0.07930000122296528], [0.02080000020879895], [-0.6924000014690498]], [[-0.07930000122296528], [0.02080000020879895], [-0.6924000014690498]], [[-0.07930000122296528], [0.02080000020879895], [-0.6924000014690498]], [[-0.07930000122296528], [0.02080000020879895], [-0.6924000014690498]], [[-0.07930000122296528], [0.02080000020879895], [-0.6924000014690498]], [[-0.07930000122296528], [0.02080000020879895], [-0.6924000014690498]], [[-0.07930000122296528], [0.02080000020879895], [-0.6924000014690498]], [[-0.07930000122296528], [0.02080000020879895], [-0.6924000014690498]], [[-0.07930000122296528], [0.02080000020879895], [-0.6924000014690498]], [[-0.07930000122296528], [0.02080000020879895], [-0.6924000014690498]]], "r_list": [[6.097914530380264, 4.669577236079211, 4.387368300011501], [2.8181445900619972, 6.13473037801702, 0.08650794897805579], [0.9317365211586539, 5.554394915105795, 3.874302134143138], [0.3627746063353622, 5.331506540882746, 0.0005073146942505275], [3.4985698745965617, 0.3116510051653378, 1.5091399691924716], [5.299293861201599, 5.342579288332032, 3.5938953536668192], [2.0273308335942803, 3.05834540746655, 3.4178474996139068], [0.07689194357787847, 5.192806663246417, 1.6687286402740742], [4.862557981648034, 0.9752260558181466, 1.2156156870339014], [0.008127444641102256, 0.09825011486165139, 1.344569092284059]]}