{"recon_params": [[[-7.530712991865585e-06, -2.023137676587794e-05, 0.0001185111323138699, -2.1062808173155645e-06, 1.606099795026239e-05, 1.5878321164564113e-06, -0.00011290187103440985, 1.362423336104257e-05, -0.00021042955631855875, 7.831204129615799e-08, 1.9320935010910034, 1.1863083839416504, -0.768703043460846, -0.9232286214828491, 0.6166189312934875, -0.1399267315864563, -1.4312233924865723, 1.000057339668274, -1.1590783596038818, -1.151802659034729, 1.7656534910202026, -0.47683069109916687, -0.34412881731987, 1.0413790941238403, 1.3930200338363647, -0.7961876392364502, -2.374610662460327, 2.3354716300964355, -3.14898681640625, 0.9065453410148621, -4.033697128295898, 0.03472649306058884, 2.591365337371826, -0.7131832838058472, 4.1989641189575195, -1.1349095106124878, 0.322378545999527, -2.212979555130005, 1.9515926837921143, -3.0734124183654785, 0.5011374950408936, -3.2349729537963867, -2.331179618835449, -2.459892749786377, -3.6066811084747314, 0.6795384287834167, -7.1774797439575195, -2.243350028991699, -4.80306339263916, 2.6899352073669434, 7.0547051429748535, 2.151453733444214, -1.5168648958206177, 1.8723617792129517, -0.2580651044845581, 1.717788815498352, -2.0891590118408203, -1.7764649391174316, -0.048692990094423294, 0.03140440583229065, -0.7298128008842468]], [[-3.860202468786156e-06, -7.4599997788027395e-06, 7.185455615399405e-05, 1.0414057214802597e-05, -3.6872456803394016e-06, 7.216767698992044e-07, -6.939024024177343e-05, -7.949246537464205e-06, -6.55808617011644e-05, -3.214913704141509e-07, 1.539293646812439, 1.101797342300415, -0.5113709568977356, -1.0817248821258545, 0.2856474816799164, -0.145563006401062, -1.4739508628845215, -0.13794508576393127, -0.41172540187835693, 0.19192323088645935, 0.5602460503578186, -0.06386908888816833, 0.4488528370857239, -0.15561971068382263, 0.7237117290496826, -0.2498248964548111, -2.8846116065979004, 1.513223648071289, -1.218875765800476, 0.18590347468852997, -3.232445240020752, -0.5110929608345032, 1.7517173290252686, -1.6304980516433716, 1.789818286895752, 1.455747365951538, 0.11219412088394165, -3.0270047187805176, 1.586319923400879, -1.9361828565597534, -2.617438316345215, 1.0624620914459229, 3.759345293045044, -4.28536319732666, -4.674978256225586, 0.2510196268558502, -6.004924774169922, -1.2244455814361572, -1.7099729776382446, 2.4838361740112305, 3.613748073577881, -0.3760443925857544, 0.7610830664634705, 2.9585704803466797, 0.16847817599773407, 3.184107542037964, -3.33585262298584, 0.4326838552951813, -0.03142485395073891, 0.013820413500070572, -0.7310733199119568]], [[-3.561489847925259e-06, -7.126132913981564e-06, 6.120486068539321e-05, 9.227077498508152e-06, -1.1101494237664156e-05, 7.764463134662947e-07, -5.7667126384330913e-05, -1.6869012142706197e-07, -6.696516356896609e-05, -7.689004632993601e-07, 1.678704857826233, 1.3036175966262817, -0.8320411443710327, -1.0546162128448486, 0.34769758582115173, -0.07824935764074326, -1.9490137100219727, 0.04816373437643051, -0.3200218081474304, -0.24218666553497314, 0.627355694770813, 0.04720616340637207, 0.35801684856414795, -0.4969639480113983, 0.6494795680046082, -0.4016872048377991, -2.855210781097412, 1.0955727100372314, -1.5606743097305298, 0.31961047649383545, -3.088465452194214, 0.06711199134588242, 2.435777187347412, -1.7088831663131714, 2.0816752910614014, 0.29699209332466125, -0.041615840047597885, -2.5932679176330566, 1.4182231426239014, -2.1654276847839355, -1.2230417728424072, 0.003267945721745491, 1.9440183639526367, -4.424224853515625, -4.956780433654785, -0.3573480248451233, -5.7949419021606445, -1.5801236629486084, -2.1510825157165527, 2.1402854919433594, 3.292011260986328, -0.24788756668567657, 0.10378505289554596, 2.3480114936828613, 0.9117438793182373, 2.9524383544921875, -2.9774906635284424, -0.5463822484016418, -0.04791966453194618, 0.008094929158687592, -0.7247600555419922]], [[-8.78772152645979e-06, -1.2929504009662196e-05, 8.32618898130022e-05, 2.6773997888085432e-05, -6.579674663953483e-05, 1.662341446717619e-06, -6.388719339156523e-05, -5.817592318635434e-05, -3.725255373865366e-05, 9.74481736193411e-07, 1.2385278940200806, 1.204843282699585, -0.8896936774253845, -0.6987290382385254, 0.631764829158783, 0.1649930477142334, -1.2378901243209839, -1.0256776809692383, -1.4409114122390747, 0.7801724076271057, -0.5337453484535217, 0.598434329032898, 0.6646400094032288, 0.9689761400222778, 0.5363976359367371, -0.645194411277771, -2.6191303730010986, 3.365108013153076, -0.7298718690872192, 0.37134358286857605, -3.9029383659362793, -1.7562896013259888, 1.786177396774292, -0.1944476068019867, 1.1624703407287598, 3.641505479812622, 0.8545539975166321, -4.353911399841309, 2.3969805240631104, -1.8362308740615845, -4.887974739074707, 2.7210774421691895, 4.997049331665039, -3.491729974746704, -2.946094274520874, 2.358332633972168, -6.2626848220825195, -0.9602039456367493, -2.6457512378692627, 2.455714464187622, 6.715506553649902, 0.19805842638015747, 2.280698776245117, 3.9998247623443604, -2.4934821128845215, 4.6941118240356445, -5.659543991088867, 4.677449703216553, -0.06058533862233162, -0.009988151490688324, -0.7392889261245728]], [[-3.6219466892362107e-06, -1.1912396075786091e-05, 8.948215690907091e-05, 1.5450948467332637e-06, 2.199979280703701e-05, 9.9472890724428e-07, -8.667013753438368e-05, 1.8545882994658314e-05, -6.113271956564859e-05, -1.267126208404079e-06, 1.8845552206039429, 1.0495986938476562, -0.6924870014190674, -0.91047203540802, 0.7570669054985046, -0.1532515585422516, -1.229353666305542, -1.337242603302002, -0.1530202031135559, 0.6041852235794067, 1.7029471397399902, -0.8835554718971252, 0.7168859839439392, 1.8513453006744385, 1.3352153301239014, 0.09307068586349487, -2.8028504848480225, 2.1999621391296387, -1.8811848163604736, 0.19161982834339142, -4.2032551765441895, -1.641597032546997, -0.22949281334877014, -2.90885853767395, 2.6401445865631104, 2.1993889808654785, 0.5611041188240051, -4.316021919250488, 1.5021629333496094, -2.142934799194336, -4.559582710266113, 0.32821208238601685, 3.923717498779297, -2.262821912765503, -6.403736114501953, 2.830986738204956, -9.367995262145996, -1.9478888511657715, -2.574955701828003, 4.076670169830322, 5.657554626464844, 0.9440473318099976, -0.045132577419281006, 3.614586591720581, 1.1628824472427368, 4.492011547088623, -3.3822648525238037, -0.7046862840652466, -0.03868647292256355, 0.01319897547364235, -0.7253411412239075]], [[-4.6959971768956166e-06, -7.963384632603265e-06, 6.838263652753085e-05, 1.0123115316673648e-05, 2.0912282707286067e-05, 6.76738636684604e-07, -6.422442675102502e-05, -6.453920832427684e-06, -5.374442116590217e-05, -1.165099092759192e-07, 1.3733302354812622, 1.4989778995513916, -0.672806441783905, -0.5555492043495178, 0.7659271359443665, 0.32729408144950867, -1.4488424062728882, 0.338013231754303, -0.7786774039268494, -0.259799063205719, 0.3559808135032654, 0.1876443773508072, 0.06598439812660217, -0.8196231126785278, 0.8718832731246948, -0.3464544713497162, -2.9332144260406494, 0.8381140828132629, -1.3990967273712158, 0.32021790742874146, -2.706099033355713, 0.6471195816993713, 2.5611257553100586, -0.8528927564620972, 1.236961841583252, 0.4873611330986023, -0.4302217960357666, -2.366752862930298, 1.8130440711975098, -3.2329978942871094, -1.0652116537094116, 1.8509715795516968, 2.7555010318756104, -5.462835311889648, -4.432811737060547, -0.9859796762466431, -5.016636371612549, -1.772521734237671, -2.5229337215423584, 3.2285733222961426, 3.965693235397339, -0.5065929889678955, 0.39582717418670654, 2.974492311477661, 0.816274881362915, 2.4269721508026123, -3.277498960494995, 0.5377110242843628, -0.06838051974773407, 0.03776656091213226, -0.7420411705970764]], [[-4.5508645598602016e-06, -8.443026672466658e-06, 6.559447501786053e-05, 8.60627642396139e-06, 1.8292599634150974e-05, 7.479725354642142e-07, -5.957932080491446e-05, 1.0784563073684694e-06, -3.977312735514715e-05, -9.248246897186618e-07, 1.440557599067688, 1.304127812385559, -0.8568688035011292, -1.0392558574676514, 0.19008521735668182, -0.22189560532569885, -1.504789113998413, 0.37754788994789124, -1.0096349716186523, 0.3258257210254669, 0.8156838417053223, -0.19021698832511902, 0.3227005898952484, 0.38002946972846985, 0.7642201781272888, -0.3807564377784729, -2.342092752456665, 1.251525640487671, -1.2248800992965698, 0.09566468000411987, -2.4881584644317627, 0.5166676640510559, 2.5357887744903564, -1.7836726903915405, 1.3467684984207153, -0.3326500356197357, 0.357600599527359, -2.164907932281494, 0.7717558741569519, -2.2706055641174316, -1.6020944118499756, -0.4079570770263672, 0.38665762543678284, -4.067109107971191, -4.904420375823975, 1.1293220520019531, -6.708281517028809, -1.426201581954956, -1.9062073230743408, 1.1704660654067993, 4.2307963371276855, -1.0971120595932007, -0.653666079044342, 2.3336617946624756, 1.5827456712722778, 2.2099101543426514, -1.6765291690826416, -0.9922205209732056, -0.055651549249887466, 0.011718403548002243, -0.7485046982765198]], [[-3.776671292143874e-06, -8.471644832752645e-06, 7.698390254518017e-05, 1.0816856956807896e-05, -9.643593330110889e-06, 8.004519713722402e-07, -7.334369729505852e-05, -2.621695557536441e-06, -7.833408744772896e-05, -3.4413642424624413e-07, 0.73534095287323, 1.46211576461792, -0.6579575538635254, -0.8112030029296875, 0.6662177443504333, -0.12003136426210403, -1.3680381774902344, -0.2703394889831543, -0.42730656266212463, 0.02419469505548477, 1.0060324668884277, -0.4535539150238037, 0.5995298027992249, 0.4152604937553406, 1.0682767629623413, -0.3324490189552307, -3.0897011756896973, 1.9557132720947266, -1.7277365922927856, 0.3475266098976135, -3.6588833332061768, -0.5795037746429443, 1.377622127532959, -1.5210678577423096, 2.422661781311035, 1.581416130065918, 0.4681743383407593, -3.4364917278289795, 1.8193883895874023, -2.834433078765869, -2.2742998600006104, 0.8661820888519287, 3.8549463748931885, -4.33272647857666, -5.405708312988281, 0.24580945074558258, -6.848906517028809, -1.6937599182128906, -2.80116868019104, 3.7731494903564453, 4.497799873352051, 0.32957249879837036, 0.5821384787559509, 3.476353168487549, 0.3034975528717041, 3.1776139736175537, -3.8449878692626953, 0.208206444978714, -0.08016043901443481, 0.007102683186531067, -0.7386370301246643]], [[-3.6420588003238663e-06, -9.21990977076348e-06, 8.387897105421871e-05, 1.0329566975997295e-05, -2.6325649741920643e-05, 9.37315803639649e-07, -8.105189044727013e-05, 1.618370561118354e-06, -7.959723734529689e-05, -5.233841875451617e-07, 0.887492299079895, 1.2586263418197632, -0.9643115401268005, -1.063530683517456, 0.9690091013908386, -0.18776613473892212, -1.6076598167419434, -0.9589057564735413, 0.01684381812810898, 0.10137247294187546, 1.3119676113128662, -0.5659858584403992, 0.6745442748069763, 1.028609275817871, 1.2594623565673828, -0.2038870006799698, -3.2155778408050537, 2.154461145401001, -2.080662250518799, 0.4783731997013092, -4.197203636169434, -1.2340142726898193, 0.5287919044494629, -2.0780019760131836, 3.0648000240325928, 2.039393901824951, 0.309552401304245, -4.120050430297852, 1.9017362594604492, -2.6110920906066895, -3.0390679836273193, 0.6512890458106995, 4.276950836181641, -3.511976957321167, -6.0766520500183105, 0.788247287273407, -7.722568511962891, -2.0722403526306152, -3.0526692867279053, 4.311946868896484, 4.847567081451416, 1.2375049591064453, 0.42083680629730225, 3.4247443675994873, 0.5132087469100952, 4.544286727905273, -4.250489234924316, -0.11776896566152573, -0.06985527276992798, -0.020573360845446587, -0.7142636775970459]], [[-2.4787732400000095e-06, -6.895715614518849e-06, 6.814686639700085e-05, 1.2354323189356364e-05, 3.298393858131021e-05, 1.3043229500908637e-06, -6.046338603482582e-05, 4.782871656061616e-06, -6.053156903362833e-05, -7.123112482076976e-07, 1.3373898267745972, 1.2956740856170654, -0.7853192090988159, -0.7840096354484558, 0.10648556053638458, 0.05692765861749649, -1.1809500455856323, 0.726374089717865, -0.5563589930534363, 0.7018300890922546, 0.40293771028518677, 0.158011794090271, -0.5852680802345276, 0.8738536834716797, 1.4756940603256226, -0.5033661723136902, -3.540135145187378, 1.5488965511322021, -2.6841533184051514, 1.0332396030426025, -3.627248764038086, 0.3942527770996094, 0.06477878987789154, -0.1604132205247879, 2.2957663536071777, 0.266346275806427, -0.964557945728302, -2.864314317703247, 1.334606647491455, -5.553110122680664, -0.3335281014442444, 2.7713546752929688, 3.2273166179656982, -6.447667121887207, -4.3479204177856445, -1.7876383066177368, -4.892759323120117, -2.979250907897949, -4.513778209686279, 5.61993408203125, 3.3007688522338867, -0.12326586246490479, 1.0433783531188965, 4.131896495819092, 1.8384090662002563, 1.348012924194336, -4.124244213104248, 0.6388903856277466, -0.06332851946353912, 0.019709493964910507, -0.7704266905784607]]], "R_list": [[[-0.8656958078797555, -0.4237924418948643, -0.26640333033242186, -0.07930000061139499], [-0.34216135662829844, 0.8894364063169696, -0.3030321520041015, 0.020799999949050414], [0.3653715564322157, -0.17118073872589323, -0.9149867651718018, -0.6924000006082107]], [[0.6632337406448255, -0.09207985795240616, 0.7427262652079412, -0.07930000061139499], [0.0625826620254809, 0.9957502234272215, 0.06756406558550256, 0.020799999949050414], [-0.7457911340878735, 0.001671018881511117, 0.6661777480611468, -0.6924000006082107]], [[0.3351032785687697, -0.7661507989498424, 0.5483782872807595, -0.07930000061139499], [0.27612902032566866, -0.47661212947738846, -0.834621855793997, 0.020799999949050414], [0.900809944897617, 0.4311076794764236, 0.05184218234223248, -0.6924000006082107]], [[0.24765680236851384, -0.7111242674988985, -0.6580033316137223, -0.07930000061139499], [-0.9028332323286119, -0.41579860564336635, 0.10956128033252835, 0.020799999949050414], [-0.351508553016386, 0.5669336784132581, -0.7450019741162696, -0.6924000006082107]], [[-0.3667794383206767, 0.24093620606502306, -0.898566963688384, -0.07930000061139499], [-0.9220357708650889, -0.22266485530540972, 0.3166550164722521, 0.020799999949050414], [-0.1237856246516135, 0.9446534321214387, 0.3038206910511464, -0.6924000006082107]], [[0.001443608863516291, 0.9529301531639228, -0.3031864759260073, -0.07930000061139499], [0.28057997170501525, -0.29139393302447364, -0.9145296360832391, 0.020799999949050414], [-0.9598295658456568, -0.08374782974806433, -0.2677937742760784, -0.6924000006082107]], [[0.5493337178291259, 0.29338478793651507, -0.7824051588937003, -0.07930000061139499], [-0.6144608984040252, 0.7763729254517648, -0.1402957054153365, 0.020799999949050414], [0.5662775563171727, 0.5578265383010337, 0.6067613059338383, -0.6924000006082107]], [[-0.44654460915184174, 0.546658930885592, 0.7083515548937905, -0.07930000061139499], [0.8404426242317685, 0.5278907725834436, 0.12242355817273716, 0.020799999949050414], [-0.30700831814764806, 0.6499964196088136, -0.6951622451513574, -0.6924000006082107]], [[-0.018467940926117858, 0.1278456149297437, 0.9916221225351847, -0.07930000061139499], [-0.8540153237818003, -0.5177570890911851, 0.05084705932194036, 0.020799999949050414], [0.5199199572086224, -0.8459214475582574, 0.11874402156372318, -0.6924000006082107]], [[-0.36233335109759085, 0.9320295957749383, 0.00594771233291235, -0.07930000061139499], [-0.8517585255453295, -0.33370496014628104, 0.4039163449708549, 0.020799999949050414], [0.37844676883709244, 0.14128634814933116, 0.9147765907495611, -0.6924000006082107]]], "trans_list": [[[-0.07930000061139499], [0.020799999949050414], [-0.6924000006082107]], [[-0.07930000061139499], [0.020799999949050414], [-0.6924000006082107]], [[-0.07930000061139499], [0.020799999949050414], [-0.6924000006082107]], [[-0.07930000061139499], [0.020799999949050414], [-0.6924000006082107]], [[-0.07930000061139499], [0.020799999949050414], [-0.6924000006082107]], [[-0.07930000061139499], [0.020799999949050414], [-0.6924000006082107]], [[-0.07930000061139499], [0.020799999949050414], [-0.6924000006082107]], [[-0.07930000061139499], [0.020799999949050414], [-0.6924000006082107]], [[-0.07930000061139499], [0.020799999949050414], [-0.6924000006082107]], [[-0.07930000061139499], [0.020799999949050414], [-0.6924000006082107]]], "r_list": [[5.963367271294132, 3.4112522294200915, 5.827940923753673], [3.0405177860192705, 2.3044599240479515, 3.2795455142926717], [4.650354104296804, 2.5611689649911824, 4.300074616745622], [3.2876077577762457, 5.565021193577962, 1.2356716250255804], [5.477105438881354, 5.166692325630675, 3.722800907409076], [1.855654232994357, 5.975150556208116, 4.713903894939947], [3.368819994229351, 4.0401111917044785, 2.6510589575161854], [3.3159130892664646, 0.7871600923643775, 4.027450892639174], [5.878601169824107, 1.4412617614565921, 4.568926357187424], [5.867383563457962, 0.005947747400470756, 4.34161195998965]]}