{"recon_params": [[[-3.467812348389998e-07, -5.181035703571979e-06, 1.8227203327114694e-05, -1.3629520253743976e-05, 2.6002990125562064e-05, 9.077867844098364e-07, -1.7702208424452692e-05, 2.2074274966144003e-05, 0.00015432712098117918, 2.3732300178380683e-06, 0.6106373071670532, 1.378105878829956, 1.185835361480713, -1.6054675579071045, 0.3082718253135681, 0.15197768807411194, -2.4895095825195312, -0.3677136301994324, 0.4882723093032837, -0.5586156249046326, 0.8880607485771179, -0.2586297392845154, 0.2525025010108948, -1.37532639503479, 1.4599260091781616, -0.8608710765838623, -3.031123399734497, 2.192176342010498, -2.9172656536102295, 0.39662617444992065, -3.8747591972351074, -0.47423702478408813, 1.895216703414917, -2.3902788162231445, 4.208705902099609, -0.32492685317993164, -1.1643223762512207, -2.095304250717163, 1.8497343063354492, -2.934605836868286, 0.11708663403987885, -0.9676880836486816, 1.9530675411224365, -4.6373491287231445, -4.8231048583984375, -1.647578477859497, -5.799287796020508, -2.360501766204834, -4.0338592529296875, 3.714721918106079, 3.152186632156372, 1.0698719024658203, 0.12773102521896362, 2.5419652462005615, 1.5067540407180786, 3.430447816848755, -3.3860785961151123, -1.5588847398757935, -0.10532304644584656, 0.06190703809261322, -0.6500515341758728]], [[-4.20819151258911e-06, -1.2884607713203877e-05, 8.375813195016235e-05, -2.0091795249754796e-06, 9.336084622191265e-05, 6.601856057386613e-07, -8.380695362575352e-05, 9.266645065508783e-06, -6.723820843035355e-05, -7.030685083009303e-07, -0.11149841547012329, 1.4507886171340942, 1.782488226890564, -1.5936527252197266, 0.8029569983482361, 0.2676294147968292, -2.0674939155578613, -0.353346049785614, 0.769355833530426, -0.2945689857006073, 1.0473695993423462, -0.13407473266124725, -0.5458340048789978, -1.075395107269287, 1.75676429271698, -0.14317041635513306, -3.509500026702881, 0.9466288685798645, -3.2423737049102783, 0.08612202852964401, -4.063625812530518, 0.38453346490859985, 1.3104994297027588, -1.9559247493743896, 3.757657766342163, -0.7965196371078491, -2.1425023078918457, -1.4261949062347412, 1.6353342533111572, -4.177706718444824, 0.9080443382263184, 0.05344843864440918, 1.2021327018737793, -5.275652885437012, -4.857448101043701, -2.5069265365600586, -5.818594455718994, -3.3734242916107178, -5.333122253417969, 5.202563762664795, 3.5758204460144043, 0.7363340854644775, -0.012273011729121208, 2.4666686058044434, 3.5131759643554688, 2.554837703704834, -2.9741008281707764, -1.693962812423706, -0.16305877268314362, 0.04596821218729019, -0.6557878851890564]], [[-7.976557753863744e-06, -1.5324634659918956e-05, 0.00012089194933651015, 1.6035597582231276e-05, -6.474959809565917e-05, 4.822693426831393e-07, -0.00012112427793908864, 1.1621558769547846e-05, -0.00022681016707792878, 1.1788788469857536e-06, 0.12197282910346985, 1.0242384672164917, 1.8499211072921753, -1.4448251724243164, 0.20105674862861633, 0.9801018238067627, -2.4553701877593994, 0.5696263909339905, -1.3642829656600952, -0.09314475208520889, 1.7510278224945068, -0.3223177194595337, -0.5154590010643005, 0.8158795833587646, 1.149419903755188, -0.18205679953098297, -3.5138449668884277, 2.4384684562683105, -3.0114970207214355, 0.193795844912529, -6.115653991699219, -0.22830313444137573, 0.6147535443305969, 0.04627613723278046, 2.9716625213623047, 0.5823855996131897, -1.1104164123535156, -1.5184956789016724, 2.0105702877044678, -5.5089216232299805, -1.4178804159164429, 1.8223607540130615, 3.2197163105010986, -5.469038963317871, -2.597351551055908, -1.3931031227111816, -6.570291519165039, -2.4147346019744873, -5.309814929962158, 6.606543064117432, 7.1537017822265625, -0.2555980682373047, -0.44806885719299316, 4.469735622406006, 0.5388575792312622, -1.3719679117202759, -1.0319305658340454, -0.1907404363155365, -0.1485118567943573, 0.04911290109157562, -0.6697211265563965]], [[-2.719971689657541e-06, -7.590990662720287e-06, 5.0927421398228034e-05, -2.999236357936752e-06, 2.480064722476527e-05, 3.4791105463227723e-07, -5.156003317097202e-05, 1.3055715498921927e-05, 1.7990063497563824e-05, 1.6663193491694983e-06, 1.2087984085083008, 0.75364750623703, 0.7870810627937317, -1.3865934610366821, 0.013957347720861435, -0.032356977462768555, -2.849543333053589, -0.22081446647644043, -0.14593517780303955, -0.17607611417770386, 0.8893610239028931, -0.09986373782157898, 0.34810373187065125, -0.4552275240421295, 1.112566351890564, -0.8141900300979614, -3.2091681957244873, 2.082606792449951, -2.6519618034362793, 0.5500825047492981, -3.787397861480713, -0.4556944966316223, 1.7568315267562866, -2.2237660884857178, 3.6273319721221924, 0.10809877514839172, -0.3975934684276581, -2.866015672683716, 1.647702693939209, -3.03716778755188, -0.7959674000740051, -0.601876974105835, 2.075871229171753, -4.498598098754883, -5.492951393127441, -0.7844678163528442, -6.469356536865234, -2.221498489379883, -3.5821192264556885, 3.3193869590759277, 3.733802080154419, 0.7528149485588074, 0.056293100118637085, 3.1152148246765137, 1.2536473274230957, 3.7407519817352295, -3.50947642326355, -1.1027320623397827, -0.04923662915825844, 0.0613829642534256, -0.6310501098632812]], [[-2.561857854743721e-06, -7.731677214906085e-06, 5.821329614263959e-05, -3.5786840726359515e-06, 3.163172004860826e-05, 5.698450422642054e-07, -6.215844041435048e-05, 1.5448607882717624e-05, -2.089854024234228e-05, 1.4492152331513353e-06, 0.463093638420105, 1.744300365447998, 0.5301459431648254, -1.1817888021469116, 0.3688792586326599, -0.06891169399023056, -2.6516401767730713, -0.17534436285495758, 0.21183860301971436, -0.5884607434272766, 0.8815593719482422, -0.2331559658050537, 0.34284400939941406, -1.1191978454589844, 1.0927531719207764, -0.6907871961593628, -2.9961798191070557, 1.696925401687622, -2.537611961364746, 0.44270002841949463, -3.649749755859375, -0.22518745064735413, 2.050407886505127, -2.2099294662475586, 3.623599052429199, -0.09242701530456543, -0.6937077045440674, -2.483795404434204, 1.8307340145111084, -2.6342339515686035, -0.3674263060092926, -0.6623868942260742, 2.1539220809936523, -4.569843292236328, -5.16049861907959, -1.2104637622833252, -6.056855201721191, -2.054884672164917, -3.1978812217712402, 3.155766248703003, 3.09895396232605, 0.6634297370910645, 0.237743079662323, 2.7757954597473145, 1.2172534465789795, 3.459751605987549, -3.3748042583465576, -1.3352301120758057, -0.0909678041934967, 0.062483713030815125, -0.6712759137153625]], [[-9.579448487784248e-07, -9.090868843486533e-06, -1.4754629091839888e-06, -2.146029146388173e-05, 8.738601536606438e-06, 2.30117120736395e-06, 1.2390873962431215e-05, 2.9082588298479095e-05, 0.00021420310076791793, 1.5455880202353e-06, 0.9384876489639282, 0.6602997183799744, 1.4125046730041504, -1.8229339122772217, 0.2155405879020691, 0.17648768424987793, -1.9568657875061035, -0.5861421823501587, 0.382238507270813, -0.06741214543581009, 0.8325188755989075, -0.3934698700904846, 0.018389586359262466, -0.35090431571006775, 2.4000887870788574, -1.0688214302062988, -2.7306535243988037, 2.7821152210235596, -3.206686496734619, 0.9148515462875366, -3.671658992767334, -0.31658345460891724, 1.9956997632980347, -2.2021090984344482, 5.339397430419922, -1.6540753841400146, -1.0616085529327393, -1.864990234375, 1.1011393070220947, -2.5358331203460693, 0.23205311596393585, -3.0022857189178467, -1.1161384582519531, -3.171302080154419, -4.688871383666992, -0.3380102217197418, -6.630396842956543, -2.7532694339752197, -4.003389358520508, 1.4678798913955688, 4.179804801940918, 2.146496057510376, -1.4370924234390259, 1.0948513746261597, 1.4087320566177368, 5.284022808074951, -2.508975028991699, -2.795147180557251, -0.08472101390361786, 0.0779346451163292, -0.5982887148857117]], [[-6.050088359188521e-07, -1.032252112054266e-05, 6.371882045641541e-05, -1.6296913599944673e-05, 9.511277312412858e-05, 6.493385171779664e-07, -7.121897942852229e-05, 2.9062777684885077e-05, -3.744912646652665e-08, -4.7083540266612545e-07, 0.21345755457878113, 0.5345129370689392, 2.1026296615600586, -1.733995795249939, 0.5420572757720947, 0.5973918437957764, -2.225999593734741, 0.016932601109147072, 0.5141647458076477, -0.6295220255851746, 1.6757668256759644, -0.6177162528038025, 0.3058735132217407, -0.40552034974098206, 1.372107982635498, -0.1700185239315033, -2.860393762588501, 0.642322838306427, -2.6432676315307617, 0.5431681275367737, -3.3177566528320312, 0.3225928843021393, 1.4001303911209106, -2.1148383617401123, 3.384049892425537, -0.6943497657775879, -0.7461379766464233, -2.4740982055664062, 1.5389938354492188, -2.81840443611145, -0.09707395732402802, -0.8848806619644165, 0.839819073677063, -3.789198637008667, -5.750901699066162, -0.872410237789154, -6.319787979125977, -2.507096529006958, -2.9355533123016357, 3.2394895553588867, 3.3283004760742188, 1.2346354722976685, -0.7847095727920532, 2.0335497856140137, 2.167388439178467, 3.4713094234466553, -2.4198248386383057, -2.711158037185669, -0.13674470782279968, 0.05371144413948059, -0.6180663704872131]], [[-5.0982557695533615e-06, -1.2231279470142908e-05, 8.777339826337993e-05, 6.839234174549347e-07, 9.363800018036272e-06, 1.005564513434365e-06, -9.113422129303217e-05, 8.45353406475624e-06, -0.00011712619743775576, 1.991232238651719e-06, 0.6004980802536011, 1.0663203001022339, 1.3495533466339111, -1.7023439407348633, 0.29768243432044983, 0.328110009431839, -2.187882661819458, -0.06063959747552872, -0.817539393901825, -1.0208539962768555, 1.1599615812301636, -0.2692659795284271, -0.05139053985476494, -0.8427590131759644, 1.1497552394866943, -0.2916109561920166, -2.303487539291382, 2.1323204040527344, -2.1715879440307617, 0.5549296736717224, -3.699944496154785, -0.18361049890518188, 2.2736849784851074, -1.1496961116790771, 3.0210580825805664, -0.0682794451713562, -0.3814035952091217, -2.1659021377563477, 2.3406360149383545, -2.394540786743164, -0.7573211193084717, -0.5752895474433899, 1.6763982772827148, -3.4736034870147705, -3.3140969276428223, -0.15938737988471985, -5.947319984436035, -1.5204145908355713, -2.9097840785980225, 3.259665012359619, 4.788374423980713, 1.1487020254135132, -0.23806053400039673, 2.9476029872894287, -0.683996319770813, 2.224513530731201, -2.7415826320648193, -0.5805974006652832, -0.10176350176334381, 0.06583207100629807, -0.6343892216682434]], [[-2.405505256319884e-06, -9.900644727167673e-06, 0.0001012522989185527, -1.8167313555750297e-06, 2.8905957151437178e-05, 8.707601182322833e-07, -0.00010650954209268093, 2.1031250071246177e-05, -8.127325418172404e-05, -1.6819030861370265e-06, 0.07801231741905212, 0.865180492401123, 0.8502621054649353, -1.4410831928253174, 0.6044551730155945, 0.052028901875019073, -2.4349710941314697, -1.4099178314208984, 0.4259624481201172, 0.7800041437149048, 1.3639531135559082, -0.7985885739326477, 0.4676752984523773, 1.7412519454956055, 1.7756729125976562, 0.1999736875295639, -3.200876474380493, 2.2748467922210693, -2.135871410369873, 0.39639878273010254, -4.588625907897949, -1.748435378074646, -0.6023061275482178, -2.4881296157836914, 3.3323609828948975, 1.8069697618484497, -0.9565684199333191, -4.0338897705078125, 2.173001527786255, -2.285539388656616, -4.5185065269470215, 1.0254124402999878, 4.153741359710693, -2.3178834915161133, -5.72411584854126, 1.9338020086288452, -8.966920852661133, -2.6047656536102295, -2.687711477279663, 4.847714424133301, 5.941461563110352, 2.359779119491577, -0.52461838722229, 3.0417659282684326, 0.6693727374076843, 5.972258567810059, -3.774402618408203, -0.8145136833190918, -0.040356170386075974, 0.05399933457374573, -0.6124600768089294]], [[-2.0247225620551035e-06, -7.103491498128278e-06, 5.1257582526886836e-05, -3.002464154633344e-06, 2.6035304472316056e-05, 5.450872322398936e-07, -5.2891911764163524e-05, 1.4730180737387855e-05, 3.967313386965543e-05, 1.77748006535694e-07, 1.1034547090530396, 0.9372547268867493, 0.3171426057815552, -1.64154052734375, 0.17806565761566162, -0.20907756686210632, -2.557673692703247, -0.2014523148536682, 0.33268728852272034, -0.5338934659957886, 0.5950673818588257, -0.3482201099395752, 0.5704169273376465, -1.2168947458267212, 1.1462453603744507, -0.7452462911605835, -3.258535146713257, 2.036214590072632, -2.560049057006836, 0.3004090189933777, -3.804661989212036, -0.40574389696121216, 1.8830358982086182, -2.303889036178589, 3.835496664047241, 0.24316972494125366, -0.5882100462913513, -2.5201447010040283, 1.8468685150146484, -2.8671276569366455, -0.15047666430473328, -0.5397971868515015, 2.8904993534088135, -5.067965507507324, -5.500185489654541, -1.7750675678253174, -5.899064064025879, -2.1006109714508057, -3.5381429195404053, 3.8211305141448975, 2.734109401702881, 0.6200194954872131, 0.4838905930519104, 2.8757641315460205, 1.3378890752792358, 3.1364309787750244, -3.729909658432007, -1.3075686693191528, -0.04744737222790718, 0.04099661111831665, -0.627813994884491]]], "R_list": [[[0.6382520544374262, -0.7672822224712239, 0.06254842992453154, -0.07827174816578626], [-0.7659759664265324, -0.6248418786338853, 0.15117356105555133, 0.020499461419368162], [-0.07690990744594849, -0.1443974299802326, -0.9865263546159115, -0.6914116293774918]], [[-0.8387858669220928, -0.2082078937402179, -0.5030782667100769, -0.07827174816578626], [-0.4576637493973464, -0.2308889425330371, 0.8586234265983769, 0.020499461419368162], [-0.29492738418009956, 0.9504418810217897, 0.09837717652202634, -0.6914116293774918]], [[-0.359469699907911, 0.7031672988533839, -0.613463352345804, -0.07827174816578626], [0.8443362532771093, 0.5250147972923246, 0.1070315562162488, 0.020499461419368162], [0.39733842785475587, -0.47949474704873957, -0.7824365541707364, -0.6914116293774918]], [[-0.06234081014770646, -0.9954458479395532, -0.07211925685995146, -0.07827174816578626], [-0.5549280603364022, 0.09463208465109724, -0.8264984067775726, 0.020499461419368162], [0.8295592029755356, -0.011503580942106892, -0.5583002743901372, -0.6914116293774918]], [[0.049708026876471155, 0.18583870124030444, 0.9813221128586501, -0.07827174816578626], [-0.2973328236635204, 0.9407412087545537, -0.16309252013289757, 0.020499461419368162], [-0.9534790527517246, -0.2836722673655969, 0.10201833507431636, -0.6914116293774918]], [[0.4697594294105484, 0.8818332990003585, 0.04118387128501102, -0.07827174816578626], [0.7153010698437522, -0.35287650961666617, -0.6031770456848822, 0.020499461419368162], [-0.5173687833260328, 0.3128069720049462, -0.796543370008713, -0.6914116293774918]], [[0.6887899478189086, -0.36882004088438874, 0.6241315448089952, -0.07827174816578626], [0.7237389171611203, 0.39979427725347305, -0.5624646794793627, 0.020499461419368162], [-0.04207597378640273, 0.8391283056347288, 0.5423036963847058, -0.6914116293774918]], [[-0.21132534092310234, -0.4118743169457581, 0.8863978493454276, -0.07827174816578626], [0.9360171176639849, -0.34641667148247485, 0.06218878644103308, 0.020499461419368162], [0.2814490286423811, 0.8428256265441075, 0.45872803218987146, -0.6914116293774918]], [[-0.3521900109151222, -0.9346013862661888, -0.049824140744467546, -0.07827174816578626], [0.019289355432207212, -0.06047197165981438, 0.9979834975642558, 0.020499461419368162], [-0.9357297243214071, 0.35051874334034266, 0.03932548268605108, -0.6914116293774918]], [[-0.3629322788730176, 0.5745651617457376, 0.7335905096578967, -0.07827174816578626], [-0.49595965087263133, -0.7856032359845212, 0.3699345622092452, 0.020499461419368162], [0.7888625898458713, -0.22957009935691275, 0.5700819097488724, -0.6914116293774918]]], "trans_list": [[[-0.07827174816578626], [0.020499461419368162], [-0.6914116293774918]], [[-0.07827174816578626], [0.020499461419368162], [-0.6914116293774918]], [[-0.07827174816578626], [0.020499461419368162], [-0.6914116293774918]], [[-0.07827174816578626], [0.020499461419368162], [-0.6914116293774918]], [[-0.07827174816578626], [0.020499461419368162], [-0.6914116293774918]], [[-0.07827174816578626], [0.020499461419368162], [-0.6914116293774918]], [[-0.07827174816578626], [0.020499461419368162], [-0.6914116293774918]], [[-0.07827174816578626], [0.020499461419368162], [-0.6914116293774918]], [[-0.07827174816578626], [0.020499461419368162], [-0.6914116293774918]], [[-0.07827174816578626], [0.020499461419368162], [-0.6914116293774918]]], "r_list": [[3.2936480685312217, 0.06258928666248909, 0.8769430826687016], [4.826466991064238, 5.756028393121831, 2.898284969778601], [3.2775415081872588, 5.622746620106832, 4.239809644594481], [2.1648899079307378, 6.211003385914305, 1.6333406640199462], [4.153412726592115, 1.7643748504199095, 1.832157353746028], [2.4934719945392128, 0.041195522251065826, 5.2018591314778], [0.803645196824428, 0.674019514726595, 0.4916122225716591], [6.148438906452928, 1.0895049433299737, 2.044854762293734], [4.751773546878859, 6.233340529091295, 1.931174322053447], [5.707573379558877, 0.8235903275391173, 4.149011733940809]]}