{"recon_params": [[[-5.905212219659006e-06, -1.0564066542428918e-05, 8.729442197363824e-05, 1.533990325697232e-05, -6.562977796420455e-05, 1.6445820847366122e-06, -7.621577242389321e-05, -9.203814443026204e-06, -0.00018199814076069742, -1.0386884241597727e-07, 1.3372936248779297, 1.374480962753296, -1.1207118034362793, -0.6361872553825378, 1.065877914428711, 1.7250686883926392, -0.8675976395606995, -0.6986949443817139, -0.4233739376068115, 0.4933014512062073, 0.7192555069923401, 1.0094246864318848, -0.30803850293159485, 0.03189314156770706, 0.6854273676872253, -1.511004090309143, -3.9247210025787354, 1.2654805183410645, -3.1498427391052246, 1.184167742729187, -5.749334335327148, 0.13757503032684326, 0.9460784792900085, -0.12732084095478058, 2.1401453018188477, 0.29946115612983704, -0.6939511299133301, -1.3058013916015625, 1.1755285263061523, -6.242137432098389, -1.5339667797088623, 2.729330539703369, 2.631636619567871, -6.32301139831543, -1.965407133102417, -2.174967050552368, -4.925408363342285, -3.0608606338500977, -6.621633529663086, 3.7190239429473877, 5.213994979858398, -2.625288248062134, 2.174247980117798, 4.8032636642456055, 3.103548526763916, 0.3560692369937897, -2.4362809658050537, 2.289000988006592, -0.09415344893932343, 0.01677003502845764, -0.6565558910369873]], [[-9.469922588323243e-07, -3.1551944630336948e-06, 4.635792356566526e-05, 8.773069566814229e-06, -3.0324690669658594e-05, 1.4768801293030265e-06, -4.0833350794855505e-05, 2.3866643459768966e-05, 1.7041864339262247e-05, -2.019316525547765e-06, 1.3452025651931763, 1.3298295736312866, -0.7818792462348938, -0.6683741807937622, 0.13432008028030396, 0.5087504982948303, -1.3158071041107178, 0.23793171346187592, -0.5666373372077942, 0.9419813752174377, 1.0120867490768433, -0.0075187087059021, 0.32710936665534973, 0.8368760347366333, 0.5102765560150146, -0.9752636551856995, -3.3169000148773193, 1.45513916015625, -2.6295166015625, 0.5112184882164001, -4.824105262756348, -0.044046320021152496, 0.2647305428981781, 0.09939630329608917, 2.2064268589019775, 1.1605716943740845, -0.026872601360082626, -1.9531373977661133, 0.9090670943260193, -5.252894401550293, -1.003653883934021, 2.351255178451538, 3.518080472946167, -5.598450660705566, -3.010763168334961, -1.7963035106658936, -4.6351704597473145, -2.1824891567230225, -4.9802021980285645, 4.534102916717529, 3.9030308723449707, -1.6486185789108276, 1.6612603664398193, 4.335903167724609, 1.8067442178726196, -0.3626258075237274, -2.485818386077881, 1.4336042404174805, -0.06708943843841553, 0.014986235648393631, -0.7728574872016907]], [[-5.032747139921412e-06, -1.0778059731819667e-05, 0.00010406695946585387, 1.2461955520848278e-05, -3.691288293339312e-05, 7.031726454442833e-07, -0.00010162828402826563, -9.981238235923229e-07, -9.518577280687168e-05, -6.760501491953619e-07, 2.2186920642852783, 0.9093664884567261, 0.2044450044631958, -1.7272307872772217, 0.253576397895813, 0.16231998801231384, -2.3962924480438232, -0.8331157565116882, -0.6614560484886169, 0.39153721928596497, 1.1021654605865479, -0.47646036744117737, 0.598755955696106, 1.7344985008239746, 1.3390464782714844, -0.38752639293670654, -3.0896670818328857, 2.312506914138794, -1.8792046308517456, 0.46680712699890137, -3.9078502655029297, -0.6265106797218323, 1.0988223552703857, -1.304544448852539, 2.133582830429077, 1.7046623229980469, 0.8238441348075867, -3.915731906890869, 1.9325952529907227, -3.6493513584136963, -2.7701239585876465, 1.278999924659729, 3.1146419048309326, -3.769289970397949, -5.599768161773682, 1.485694169998169, -7.879692077636719, -2.333585500717163, -4.107653617858887, 4.246755123138428, 6.573458671569824, 0.6191189885139465, 0.5804005265235901, 3.9665184020996094, 0.9090483784675598, 3.7213122844696045, -4.241917610168457, 0.9566073417663574, -0.04642157629132271, 0.05849558115005493, -0.6844528317451477]], [[-4.035506208310835e-06, -5.097785560792545e-06, 6.296263745753095e-05, 1.5743840776849538e-05, -4.8517846153117716e-05, 1.1214332289455342e-06, -5.815246913698502e-05, -7.0656360549037345e-06, -5.1638471632031724e-05, 5.434440026874654e-07, 1.5045878887176514, 1.307436466217041, -0.6873959302902222, -0.1945713460445404, 0.6925097107887268, 0.46087706089019775, -1.9578317403793335, 0.05619949847459793, -1.1401370763778687, 0.008910410106182098, 0.34728842973709106, 0.22667989134788513, -0.03802039846777916, -0.031214594841003418, 0.6128708720207214, -0.4760195016860962, -2.892723321914673, 1.3423030376434326, -1.0422139167785645, 0.35344409942626953, -2.9744036197662354, 0.7229504585266113, 3.0491437911987305, -0.8371915817260742, 0.8585764169692993, 0.49042630195617676, 0.7769998908042908, -2.914215564727783, 1.1026935577392578, -3.091352701187134, -1.6855158805847168, 1.6101244688034058, 2.6594879627227783, -6.078783988952637, -5.205831527709961, 0.2320937067270279, -5.843708515167236, -1.123916745185852, -1.8615306615829468, 1.6259276866912842, 3.919172525405884, -1.8016785383224487, 0.337900847196579, 3.4029266834259033, 0.6090664863586426, 1.9811335802078247, -2.861208200454712, 0.6038651466369629, -0.04148872569203377, 0.022618651390075684, -0.7079147696495056]], [[-3.3232222449441906e-06, -6.617286999244243e-06, 8.025302668102086e-05, 1.150689695350593e-05, -1.348800378764281e-05, 9.288439741794718e-07, -7.817194273229688e-05, 6.043949269951554e-07, -9.520725143374875e-06, -1.018725015455857e-06, 0.4368697702884674, 1.4092249870300293, -1.013336420059204, -1.655013084411621, 0.902608335018158, 0.1927126944065094, -2.044009208679199, -0.17521049082279205, -0.7312174439430237, -0.002411864697933197, 1.0913630723953247, -0.6207386255264282, 0.6059396862983704, 1.1256721019744873, 1.2810779809951782, -0.5864627361297607, -3.7863497734069824, 1.395277500152588, -2.2286453247070312, 1.0791923999786377, -3.625046730041504, 0.3416096866130829, 1.319883942604065, -1.1179486513137817, 2.638071060180664, 1.037038803100586, 0.7240757346153259, -4.177230358123779, 1.4214370250701904, -3.9846930503845215, -1.8678934574127197, 0.7505930066108704, 3.01214861869812, -5.104475021362305, -7.228459358215332, -0.1525721698999405, -7.865788459777832, -2.580179452896118, -2.883626937866211, 4.505618095397949, 5.071412563323975, 0.47166964411735535, -0.5501312613487244, 3.73711895942688, 1.10579514503479, 3.912524938583374, -3.956439733505249, -0.5896579027175903, -0.1278497874736786, -0.034969523549079895, -0.6769328713417053]], [[-4.239318059262587e-06, -8.102024366962723e-06, 6.485666381195188e-05, 1.1022792023140937e-05, -1.2174577932455577e-05, 8.753142992645735e-07, -6.0371348808985204e-05, -4.259504748915788e-06, -7.184106652857736e-05, 2.2750737116439268e-07, 0.6405985355377197, 1.388297438621521, -1.403978943824768, -0.637993335723877, 0.5539557337760925, 0.08061632513999939, -1.907346487045288, -0.1040428951382637, -0.5066044926643372, -0.18630629777908325, 0.5560188293457031, -0.0986194834113121, 0.35166773200035095, -0.3047851622104645, 0.8191854357719421, -0.2728623151779175, -2.944443941116333, 1.4265055656433105, -1.3951789140701294, 0.22121477127075195, -3.3446269035339355, -0.06727654486894608, 2.1474175453186035, -1.5643324851989746, 1.9069780111312866, 0.9349673390388489, 0.30728790163993835, -2.9024057388305664, 1.4563267230987549, -2.5634169578552246, -1.7832988500595093, 0.9202325344085693, 3.4632718563079834, -5.026057243347168, -5.258914947509766, -0.2372322976589203, -6.0632853507995605, -1.3568123579025269, -2.073047161102295, 2.583611249923706, 3.3395886421203613, -0.6549000144004822, 0.5346952676773071, 3.1503617763519287, 0.6298753023147583, 2.6668994426727295, -3.2388384342193604, -0.07003115117549896, -0.11934615671634674, -0.009230170398950577, -0.6123728156089783]], [[-7.042769084364409e-06, -2.0632583982660435e-05, 0.00013095926260575652, -5.456754479382653e-06, 3.016327718796674e-05, 4.789233116753167e-07, -0.0001291673834202811, 7.14308498572791e-06, -6.611568824155256e-05, -2.6487350623938255e-07, 0.7862482070922852, 1.3841371536254883, -1.279017686843872, -2.352705240249634, -0.2885722517967224, 1.0153506994247437, -1.8479312658309937, 0.286736398935318, -1.648606538772583, 1.1214911937713623, 1.5634963512420654, -0.5891886353492737, 0.19982272386550903, 3.091478109359741, 2.6338062286376953, -0.522520899772644, -1.4604583978652954, 2.031524181365967, -3.1465566158294678, -1.7214961051940918, -3.4086811542510986, 2.3278658390045166, 3.778292655944824, 1.363507866859436, 3.6183722019195557, -0.3082112669944763, 0.02009192481637001, -4.117594242095947, -1.6988584995269775, -2.1970202922821045, -0.010654523968696594, -1.3417490720748901, -4.73190975189209, -5.347702980041504, -9.141446113586426, 4.26608943939209, -10.64136028289795, -1.8215640783309937, -3.0143187046051025, -0.32410213351249695, 8.17670726776123, 0.42708900570869446, -4.00048303604126, 0.9928871989250183, 1.0723583698272705, 6.336780548095703, -1.8035118579864502, -0.6805030107498169, -0.1376352459192276, -0.014766484498977661, -0.7295557260513306]], [[-3.672765615192475e-06, -8.145545507431962e-06, 7.336182898143306e-05, 8.861806236382108e-06, -1.0553192623774521e-05, 7.644225661351811e-07, -7.167438889155164e-05, -6.328894414764363e-06, -7.205495785456151e-05, 3.088784978899639e-07, 0.8019858598709106, 1.2534724473953247, -0.43934813141822815, -0.8009182214736938, 0.24985438585281372, -0.0361601784825325, -1.9236421585083008, -0.5395739674568176, -0.3205852210521698, 0.1390714943408966, 0.4511566758155823, 0.047164738178253174, 0.4030646085739136, -0.1503174602985382, 0.9264869689941406, -0.310494989156723, -2.8744890689849854, 1.9704856872558594, -1.4065178632736206, 0.2190660536289215, -3.4940900802612305, -0.8549279570579529, 1.6660548448562622, -1.3927512168884277, 2.1270155906677246, 1.8007582426071167, -0.03754733130335808, -3.219489812850952, 1.954434871673584, -2.06500244140625, -2.5129292011260986, 1.3146504163742065, 4.132504463195801, -4.118946075439453, -4.263951778411865, 0.24040566384792328, -5.7945556640625, -1.3170897960662842, -2.3978769779205322, 2.9697351455688477, 4.011720657348633, 0.21150314807891846, 1.2346514463424683, 3.198448896408081, -0.29559841752052307, 3.5764100551605225, -4.071427822113037, 1.1677756309509277, -0.025515500456094742, 0.013816975057125092, -0.7185763716697693]], [[-2.1303699213603977e-06, -3.546409061527811e-06, 7.203906716313213e-05, 4.537092536338605e-06, -4.694139715866186e-05, 3.988511707575526e-07, -7.479380292352289e-05, 1.2027005595882656e-06, -1.135634011006914e-05, 6.153277354314923e-07, 1.8462554216384888, 1.288725733757019, -0.8552737832069397, -0.6686820983886719, 0.9336159229278564, 0.545828640460968, -1.1492371559143066, -0.3343553841114044, -0.47996264696121216, 0.3189295530319214, 1.2128584384918213, -0.11595156788825989, 0.18868720531463623, -0.2555476725101471, 0.838765561580658, 0.19610817730426788, -2.408021926879883, 0.8307180404663086, -1.0805526971817017, -0.6917784214019775, -2.725302219390869, 0.11538908630609512, 1.4434181451797485, -2.141124725341797, 0.22330234944820404, 0.8137311935424805, -0.8645045161247253, -1.541561484336853, 1.9361629486083984, -3.5216124057769775, -2.460782289505005, 3.0172133445739746, 3.2922005653381348, -4.344072341918945, -4.119083881378174, 0.44070395827293396, -5.864286422729492, -1.9198635816574097, -3.4305248260498047, 4.491714954376221, 5.542133331298828, -0.7403157353401184, -0.03292861580848694, 3.2322237491607666, 2.690539836883545, 1.8461452722549438, -1.8338894844055176, 0.17204096913337708, -0.06754548847675323, 0.045315779745578766, -0.7700089812278748]], [[-3.898388513334794e-06, -7.2724224082776345e-06, 8.165549661498517e-05, 1.065008018485969e-05, 1.7177676454593893e-06, 7.120149803085951e-07, -8.188420906662941e-05, -1.7019035567500396e-06, -4.619148239726201e-05, 7.631388143636286e-08, 0.7902201414108276, 1.3685448169708252, -1.151107668876648, -1.926867961883545, 0.19560760259628296, 0.13867512345314026, -1.8254673480987549, 0.21855764091014862, -0.6375735402107239, -0.1068776473402977, 0.680331289768219, -0.11893212795257568, 0.259517103433609, 0.06154431402683258, 1.1744356155395508, -0.47479531168937683, -3.02843976020813, 1.899763822555542, -1.7991442680358887, 0.6933454275131226, -3.443035840988159, 0.03711386024951935, 1.950487732887268, -0.7436749935150146, 2.4031660556793213, 0.8939613103866577, 0.09192360937595367, -3.3764495849609375, 1.8801932334899902, -3.0029406547546387, -1.6500624418258667, 1.2220464944839478, 3.2506625652313232, -5.038758277893066, -4.932666778564453, -0.2961617410182953, -5.973201274871826, -1.6535383462905884, -2.3518052101135254, 2.9629199504852295, 4.2097578048706055, 0.42146313190460205, 0.3503386080265045, 3.2470624446868896, -0.31906601786613464, 3.557474136352539, -3.8350744247436523, 0.3223173916339874, -0.135101780295372, 0.0004969872534275055, -0.6355249285697937]]], "R_list": [[[-0.09648989412927245, 0.7172418554756644, -0.6901114555524693, -0.10661055952608585], [-0.14954149248147708, 0.6750300592480837, 0.7224761318811447, 0.0492720454365015], [0.9840360980966775, 0.1729119425180187, 0.04212383858709067, -0.6255900924444199]], [[0.9784350955496068, -0.13076561627451155, -0.15989095470719564, -0.10661055952608585], [0.10247598287970407, 0.9794140685667301, -0.17391594299086774, 0.0492720454365015], [0.17934167594195688, 0.15378047956067556, 0.9716934328153188, -0.6255900924444199]], [[0.18945372126568719, 0.8975579061391066, 0.39811693335723086, -0.10661055952608585], [0.005775880274469747, 0.40443421095322113, -0.914548855019621, 0.0492720454365015], [-0.9818726631827766, 0.17556415960505112, 0.07143737926697645, -0.6255900924444199]], [[0.8223669375375852, 0.007993585373512245, -0.568901329439412, -0.10661055952608585], [0.36427573169027533, -0.7754871412850374, 0.5156771131270763, 0.0492720454365015], [-0.4370535566112792, -0.6313127563216486, -0.6406468546391174, -0.6255900924444199]], [[-0.1082597542519148, -0.6599126735569844, 0.7435019091355368, -0.10661055952608585], [-0.14491471737688938, 0.7503845193805498, 0.6449207685922341, 0.0492720454365015], [-0.9835037113793174, -0.037925405111802736, -0.1768675022445174, -0.6255900924444199]], [[-0.30226473796969655, 0.484504766963778, -0.8209087397326733, -0.10661055952608585], [0.9267728796958857, 0.35083971352989424, -0.1341772144235267, 0.0492720454365015], [0.22299788707587792, -0.801352997248801, -0.5550723521848815, -0.6255900924444199]], [[-0.6259002953930091, 0.49461344109482414, 0.6029978143536517, -0.10661055952608585], [-0.7684926851986807, -0.2593647441196378, -0.584934972713956, 0.0492720454365015], [-0.13292032584622104, -0.8295103817289401, 0.5424432814413344, -0.6255900924444199]], [[-0.05087038332212511, -0.04787893350188671, -0.997556921597651, -0.10661055952608585], [-0.7211533828389199, 0.6927664631764869, 0.003525041549175002, 0.0492720454365015], [0.6909052051625043, 0.7195708687993582, -0.06976935039610606, -0.6255900924444199]], [[0.9709110565561698, 0.23805595781214647, 0.02571149951139015, -0.10661055952608585], [-0.23476755759527648, 0.9675695798202137, -0.09323787914406659, 0.0492720454365015], [-0.047073497402797315, 0.08448946180842092, 0.9953118188214144, -0.6255900924444199]], [[-0.7334855973496326, 0.6766848205820215, -0.06400415669728103, -0.10661055952608585], [0.6568929139939338, 0.7299095819326044, 0.18900714734509194, 0.0492720454365015], [0.17461551484679455, 0.09659014337316352, -0.9798876293626431, -0.6255900924444199]]], "trans_list": [[[-0.10661055952608585], [0.0492720454365015], [-0.6255900924444199]], [[-0.10661055952608585], [0.0492720454365015], [-0.6255900924444199]], [[-0.10661055952608585], [0.0492720454365015], [-0.6255900924444199]], [[-0.10661055952608585], [0.0492720454365015], [-0.6255900924444199]], [[-0.10661055952608585], [0.0492720454365015], [-0.6255900924444199]], [[-0.10661055952608585], [0.0492720454365015], [-0.6255900924444199]], [[-0.10661055952608585], [0.0492720454365015], [-0.6255900924444199]], [[-0.10661055952608585], [0.0492720454365015], [-0.6255900924444199]], [[-0.10661055952608585], [0.0492720454365015], [-0.6255900924444199]], [[-0.10661055952608585], [0.0492720454365015], [-0.6255900924444199]]], "r_list": [[1.629035209994338, 3.9032357023197375, 1.4370701089619615], [3.318699673307505, 3.302172839074122, 3.2744530649238195], [1.4928424629335806, 0.40946317082562567, 4.920412345094328], [0.6777409937823554, 3.746761967849319, 3.1318727423539725], [1.3031304294984198, 2.303300801216645, 4.874992230514068], [2.9044132609926514, 5.320184781116144, 4.154607492063275], [3.964663698435501, 2.4943389874210196, 0.6687632836556381], [3.1920739417416097, 4.78230426945587, 2.386478600979156], [0.09340447035456265, 0.025714333252660006, 6.042740476313785], [0.19054644471766755, 3.2056405902209817, 0.7451405551468538]]}