{"recon_params": [[[-4.1429589145991486e-06, -8.619434083811939e-06, 7.586594438180327e-05, 1.157891620096052e-05, -1.056371365848463e-05, 7.424525847454788e-07, -7.240156992338598e-05, -2.0500988284766208e-07, -7.758653373457491e-05, -7.339376679738052e-07, 1.3398174047470093, 1.3605871200561523, -0.8423484563827515, -0.934984564781189, 0.7940809726715088, 0.03583884984254837, -1.8767991065979004, -0.31623709201812744, -0.3500310182571411, -0.18805283308029175, 0.9186161160469055, -0.3679860234260559, 0.4696396291255951, 0.28344669938087463, 1.157863736152649, -0.4458843469619751, -3.2526564598083496, 1.8506085872650146, -1.9059672355651855, 0.5193401575088501, -3.606654405593872, -0.28356078267097473, 1.5728596448898315, -1.6710259914398193, 2.674785852432251, 1.0995769500732422, 0.5537023544311523, -3.6163954734802246, 1.5310029983520508, -2.9909679889678955, -1.80155611038208, 0.5305899381637573, 3.4715850353240967, -4.831764221191406, -6.171907424926758, -0.014272060245275497, -6.913320541381836, -1.7854278087615967, -2.6220345497131348, 3.3804924488067627, 3.8764102458953857, 0.20734615623950958, 0.27244144678115845, 3.3866796493530273, 0.6761326789855957, 3.4196555614471436, -3.7987093925476074, -0.45912420749664307, -0.058686669915914536, 0.006137635558843613, -0.7111533284187317]], [[-9.279059668187983e-06, -2.1906891561229713e-05, 0.00014197338896337897, 4.801227987627499e-06, 4.9405000027036294e-05, 1.6379709677494247e-06, -0.00013518800551537424, 7.690282473049592e-06, -0.00022851406538393348, -9.569093890604563e-07, 1.670128583908081, 1.077643871307373, -0.4436485469341278, -0.983883798122406, 0.9437088966369629, -0.2086668312549591, -2.111990213394165, 0.3557142913341522, -0.55205237865448, -0.5193482637405396, 1.4781807661056519, -0.07479134202003479, 0.45129701495170593, 2.6711854934692383, 0.21026360988616943, -2.142810583114624, -2.6406455039978027, 3.7900259494781494, -3.3896913528442383, 0.8976131081581116, -4.340465068817139, -1.2657235860824585, 2.905900239944458, -1.6591371297836304, 4.404654502868652, -0.5634273290634155, 2.678908586502075, -2.951507568359375, 1.0549126863479614, -3.332897901535034, 0.4313875436782837, -5.289707183837891, -3.9210894107818604, -1.6790950298309326, -4.494139671325684, 2.0207338333129883, -7.855034828186035, -2.542574882507324, -7.457981586456299, 1.586859107017517, 8.212043762207031, 1.3513615131378174, -0.6325740218162537, 2.11667799949646, 1.0547659397125244, 2.0527074337005615, -3.249523878097534, -0.5004521012306213, -0.03061719611287117, 0.012864731252193451, -0.7108208537101746]], [[-5.740266260545468e-06, -1.1845837434520945e-05, 8.088511822279543e-05, 6.8582485255319625e-06, 5.4385473049478605e-05, 9.742923339217668e-07, -7.481239299522713e-05, -6.110943104431499e-06, -0.00010031824058387429, 1.1375004760338925e-07, 1.0447266101837158, 1.5946290493011475, -0.6274710297584534, -0.8245672583580017, 0.9214054942131042, -0.008290998637676239, -1.6062977313995361, 0.6572893261909485, -1.2228825092315674, -0.16973251104354858, 0.625630795955658, -0.13902953267097473, 0.047416750341653824, 0.3543815314769745, 1.444631576538086, -1.0515085458755493, -2.76715350151062, 1.454615592956543, -2.1041812896728516, 0.962622344493866, -2.4222280979156494, 1.1892915964126587, 3.410463333129883, -0.3776557445526123, 2.5877387523651123, -0.7814593315124512, 0.2881675660610199, -2.6092042922973633, 1.1969077587127686, -3.2278225421905518, 0.06108219921588898, -1.0836395025253296, -1.2025177478790283, -4.639948844909668, -4.924781322479248, 0.10198438167572021, -6.3856201171875, -2.267915964126587, -3.2363643646240234, 1.2554395198822021, 5.263988018035889, 0.21569114923477173, -0.4968264698982239, 2.170742988586426, 0.7641804218292236, 3.636935234069824, -3.313002824783325, -0.2268328070640564, -0.09048977494239807, 0.04081958532333374, -0.7536478638648987]], [[-4.763036031363299e-06, -9.447430784348398e-06, 7.587550499010831e-05, 1.0906153875112068e-05, 1.1873776202264708e-05, 7.813548563717632e-07, -7.160317909438163e-05, -7.700407422817079e-07, -0.00011112034553661942, -1.4160741557134315e-07, 1.3129643201828003, 1.3195081949234009, -0.6844555735588074, -0.8089175224304199, 0.26874515414237976, -0.2658170759677887, -1.9864099025726318, -0.12090566009283066, -0.6438378691673279, -0.11008819192647934, 0.6408464312553406, -0.2452700436115265, 0.35769033432006836, 0.1605387032032013, 1.3358213901519775, -0.5954991579055786, -2.5914032459259033, 1.5302107334136963, -2.0199782848358154, 0.6318667531013489, -3.02725887298584, 0.14954102039337158, 2.433049201965332, -1.1497061252593994, 2.8383939266204834, 0.1678197979927063, -0.04158949479460716, -2.6749281883239746, 1.537806749343872, -2.386573553085327, -0.879653811454773, -0.9101659059524536, 0.4838745892047882, -3.4970943927764893, -4.525043487548828, 0.22313456237316132, -6.420092582702637, -2.0338215827941895, -3.053400754928589, 2.027777910232544, 4.664867401123047, 0.6454933285713196, 0.10265964269638062, 2.2845284938812256, 0.6319881677627563, 3.743647813796997, -3.3617637157440186, -0.20860134065151215, -0.05549408867955208, 0.023183010518550873, -0.7488178014755249]], [[-3.43453575624153e-06, -6.600417236768408e-06, 6.571982521563768e-05, 9.275349839299452e-06, -1.6714525372663047e-06, 8.260617505584378e-07, -6.320187821984291e-05, 4.572968919092091e-07, -1.6830686945468187e-05, -8.086053639999591e-07, 1.6116317510604858, 1.167060375213623, -0.511330783367157, -0.9417835474014282, 0.7344315648078918, 0.03759383410215378, -1.9050590991973877, 0.2421092689037323, -0.7440267205238342, -0.28524157404899597, 0.8807389140129089, -0.20409704744815826, 0.2140449583530426, -0.14315563440322876, 0.8260387778282166, -0.3354928195476532, -3.11832857131958, 1.0553743839263916, -1.5331794023513794, 0.4038686454296112, -3.008429765701294, 0.6781764626502991, 2.2797141075134277, -1.7531439065933228, 1.750192642211914, -0.056531667709350586, 0.41873785853385925, -2.9889044761657715, 1.0132691860198975, -3.0266215801239014, -1.3143678903579712, 0.6836965084075928, 2.562849760055542, -5.769002914428711, -6.399704933166504, -0.2567572593688965, -6.513079643249512, -1.5073918104171753, -1.548508644104004, 2.3941259384155273, 2.9999377727508545, -1.0186303853988647, -0.5222951173782349, 3.0337445735931396, 1.4434517621994019, 2.339494466781616, -2.40718674659729, -1.5026477575302124, -0.0358184315264225, 0.026191361248493195, -0.7353500723838806]], [[-8.690560207469389e-06, -2.1337915313779376e-05, 0.00013116006448399276, 8.188821084331721e-06, 4.1674034036986995e-06, 2.026330548687838e-06, -0.00011488846212159842, -4.5699698603129946e-06, -0.00020898198999930173, -5.14891780767357e-07, 1.4146331548690796, 1.403686285018921, -0.8933883309364319, -0.8165019750595093, 0.7681968212127686, 0.9995672702789307, -1.0699864625930786, 0.22750812768936157, -0.9904617667198181, 0.6584498882293701, 1.440981388092041, -1.108264684677124, 0.8774273991584778, 1.1796057224273682, 2.05472731590271, -0.07662906497716904, -1.7935073375701904, 0.7974128127098083, -3.8451461791992188, -2.0327377319335938, -6.19416618347168, 2.1827456951141357, 1.740602731704712, 2.6862523555755615, 3.8074259757995605, 1.7378456592559814, -1.2206261157989502, -2.251044273376465, 0.07949447631835938, -4.525615692138672, -0.35719144344329834, 2.71161150932312, 1.1594016551971436, -7.261142730712891, -5.39901065826416, -0.009904813021421432, -8.197211265563965, -1.6000503301620483, -4.807750225067139, 2.1562747955322266, 6.882453441619873, -1.8728113174438477, 0.37821757793426514, 3.4307546615600586, 1.6143440008163452, 1.7387878894805908, -0.5190438628196716, 0.9924964904785156, -0.0673486739397049, 0.018513310700654984, -0.7296733856201172]], [[-4.939267000736436e-06, -1.1032399925170466e-05, 8.595826511736959e-05, 1.2443510058801621e-05, -5.404860985436244e-06, 7.86179953138344e-07, -8.079611870925874e-05, -8.605554739915533e-07, -0.00011988238111371174, -6.531581675517373e-07, 0.9270105361938477, 1.2746423482894897, -1.0007262229919434, -0.792024552822113, 0.32579901814460754, -0.4037155210971832, -1.8905471563339233, -0.8284751772880554, -0.6174184679985046, 0.43142467737197876, 0.8204758763313293, -0.4113695025444031, 0.5317112803459167, 1.2635524272918701, 1.2435319423675537, -0.29878419637680054, -3.1400444507598877, 2.40710186958313, -1.8105608224868774, 0.4698108434677124, -4.029260635375977, -1.096439003944397, 0.9390102624893188, -1.8292548656463623, 2.619016170501709, 1.9586176872253418, 0.6639437079429626, -4.1314849853515625, 1.6655375957489014, -2.686014413833618, -3.30401349067688, 0.6698689460754395, 3.828040838241577, -3.6989328861236572, -5.864718437194824, 1.3714849948883057, -7.938004493713379, -1.88565993309021, -2.884087085723877, 3.663379192352295, 5.30176305770874, 0.6304864287376404, 0.4411240816116333, 3.6960525512695312, 0.29272645711898804, 4.218429088592529, -4.114410400390625, 0.35280224680900574, -0.07727505266666412, -0.01849093660712242, -0.7281509041786194]], [[-5.700453129975358e-06, -1.4662142348242924e-05, 8.96944766282104e-05, 4.606255970429629e-06, 8.956626516010147e-06, 1.1571625009310083e-06, -7.990552694536746e-05, 1.3457150089379866e-05, -9.400495764566585e-05, 3.603836375987157e-07, 1.4882115125656128, 1.292734146118164, -1.0255887508392334, -0.9651630520820618, 0.604630172252655, 0.030581034719944, -1.0627291202545166, -0.15667806565761566, -0.09718833118677139, 0.0024204030632972717, 0.6355008482933044, -0.7743726968765259, 0.29069599509239197, 0.503962516784668, 2.424816131591797, -1.1604591608047485, -2.807612180709839, 2.1764914989471436, -2.8972415924072266, 0.6990911364555359, -3.1544299125671387, 0.6442857980728149, 2.389907121658325, -0.6882132291793823, 4.029291152954102, -0.5568869113922119, 0.05323590710759163, -1.9767773151397705, 1.2488338947296143, -3.959373712539673, 0.6590840220451355, -1.8683916330337524, -1.135406494140625, -4.078672409057617, -4.549445629119873, -0.236197367310524, -7.102848529815674, -2.980957269668579, -5.529849529266357, 2.2630972862243652, 5.534405708312988, 0.5109269618988037, 0.7187535166740417, 2.607232093811035, 2.0014753341674805, 3.25117564201355, -3.8228414058685303, -0.159013032913208, -0.0729910135269165, 0.010825235396623611, -0.7496693134307861]], [[-1.0890676094277296e-06, 8.607821655459702e-07, 4.990381057723425e-05, 1.1114497283415403e-05, -4.120913945371285e-05, 7.05252659827238e-07, -5.0406146328896284e-05, 3.3610351692914264e-06, 7.765033660689369e-05, -2.0379688976390753e-06, 1.7917287349700928, 1.3162791728973389, -0.6535492539405823, -0.8548535108566284, 0.5927351117134094, 0.10528484731912613, -1.7762364149093628, 0.23604819178581238, -0.1724485158920288, 0.5430439114570618, 0.6954447627067566, 0.2364482581615448, 0.32267138361930847, -0.5791027545928955, 0.46347182989120483, -0.3113783597946167, -2.8673040866851807, 0.2484976202249527, -0.6580792665481567, -0.1496969759464264, -1.73561429977417, 1.0320930480957031, 2.7309725284576416, -2.7578089237213135, 0.20839613676071167, -0.7157067060470581, -0.12036821246147156, -2.260535955429077, 0.15223228931427002, -2.482556104660034, -1.755821943283081, 1.4510852098464966, 1.831369161605835, -6.246747016906738, -6.368839740753174, 0.17199182510375977, -5.704388618469238, -1.3817391395568848, -0.6783052682876587, 0.45323845744132996, 1.510692834854126, -2.7685065269470215, -0.19110360741615295, 2.3388874530792236, 3.3837108612060547, 2.7170493602752686, -1.9046630859375, -1.3641434907913208, -0.03623378649353981, 0.02796514332294464, -0.7427344918251038]], [[-3.536304120643763e-06, -9.527213478577323e-06, 4.712146983365528e-05, -1.5791604255355196e-06, 5.2492046961560845e-05, 8.848134029904031e-07, -3.869349529850297e-05, 1.8879957224271493e-06, 3.2080046366900206e-05, -4.880369033344323e-07, 1.356885313987732, 1.5314574241638184, -0.7857170104980469, -0.5492268204689026, 0.855968177318573, -0.2445727288722992, -1.534449577331543, 0.21263137459754944, -0.3471086025238037, -0.4248265027999878, 1.0618886947631836, -0.6794885396957397, 0.4916743040084839, 0.13821539282798767, 1.557373285293579, -0.5888128280639648, -3.1426212787628174, 0.5923843383789062, -2.6281590461730957, 0.807037889957428, -3.0199413299560547, 0.7897533178329468, 2.1258249282836914, -1.6425361633300781, 3.4513118267059326, -0.5068871974945068, 0.07595804333686829, -2.8753814697265625, 1.3463399410247803, -3.2899234294891357, 0.23193754255771637, -1.5294511318206787, 0.3692362904548645, -4.224201202392578, -6.731029033660889, -0.9884933233261108, -7.199527263641357, -2.741858720779419, -3.1882731914520264, 3.3688693046569824, 3.7963247299194336, 0.9729682803153992, -0.8459601998329163, 2.3246400356292725, 2.053837299346924, 3.6146204471588135, -3.218261957168579, -2.278221607208252, -0.07870085537433624, 0.04129612445831299, -0.7528766989707947]]], "R_list": [[[0.4329526809148014, -0.42758193603788347, -0.7935525591054329, -0.07930033570574942], [0.9013207722581327, 0.21818635062245692, 0.37418656028518393, 0.020799632067044785], [0.013146923012230778, -0.8772504798380845, 0.4798528462343022, -0.6924007829942774]], [[0.054848045621401366, 0.13569910458248766, 0.9892307339074254, -0.07930033570574942], [0.2328866786551105, -0.9651362455802215, 0.11948147292490889, 0.020799632067044785], [0.9709559654260868, 0.22382533476535998, -0.08453835059114004, -0.6924007829942774]], [[-0.7410393536297781, -0.460918135480861, 0.4882777373143352, -0.07930033570574942], [-0.31973262996076507, 0.8816719126559326, 0.34702403918461006, 0.020799632067044785], [-0.5904504396732487, 0.10104014458855436, -0.8007241519219905, -0.6924007829942774]], [[-0.6575757600854241, -0.5398813344224737, -0.5254733718184833, -0.07930033570574942], [-0.43214984870801176, -0.30103002094418047, 0.8500749583136706, 0.020799632067044785], [-0.6171228629776404, 0.7860719249741436, -0.035359592160050926, -0.6924007829942774]], [[-0.8640179196079919, 0.38218786086750894, -0.3277277431066758, -0.07930033570574942], [0.3978495522350121, 0.11939718615824663, -0.9096483088116494, 0.020799632067044785], [-0.30852677093354164, -0.9163387752043514, -0.25521457770729195, -0.6924007829942774]], [[-0.9943007854459571, -0.05751667907044259, 0.08976513627383534, -0.07930033570574942], [0.05652012745486228, 0.42953564088833757, 0.9012794285897857, 0.020799632067044785], [-0.09039592498580143, 0.9012163806963079, -0.42383677508046474, -0.6924007829942774]], [[0.10573827659502666, 0.2654895089239985, -0.9582978334077605, -0.07930033570574942], [-0.9670294521683531, -0.19707048282819398, -0.1612986777281126, 0.020799632067044785], [-0.23167532346300637, 0.9437576730544536, 0.23589828114921627, -0.6924007829942774]], [[-0.1279493859600679, -0.14299953314860084, -0.9814173873290222, -0.07930033570574942], [0.19257321920820988, -0.9742998319105357, 0.11685629115665397, 0.020799632067044785], [-0.9729051905896218, -0.1740430149657957, 0.1521989456776476, -0.6924007829942774]], [[-0.5204276555441129, 0.6113359237645354, 0.5961740045153098, -0.07930033570574942], [-0.07141238137489443, -0.7268870065518417, 0.6830340778412665, 0.020799632067044785], [0.8509144064659059, 0.31289561841142005, 0.42194905480129946, -0.6924007829942774]], [[0.8152786934256346, 0.1206453272442002, 0.5663615073964064, -0.07930033570574942], [-0.5209442754564705, -0.27427418046762886, 0.808325884651694, 0.020799632067044785], [0.2528590791633215, -0.9540536562180087, -0.16076040290359653, -0.6924007829942774]]], "trans_list": [[[-0.07930033570574942], [0.020799632067044785], [-0.6924007829942774]], [[-0.07930033570574942], [0.020799632067044785], [-0.6924007829942774]], [[-0.07930033570574942], [0.020799632067044785], [-0.6924007829942774]], [[-0.07930033570574942], [0.020799632067044785], [-0.6924007829942774]], [[-0.07930033570574942], [0.020799632067044785], [-0.6924007829942774]], [[-0.07930033570574942], [0.020799632067044785], [-0.6924007829942774]], [[-0.07930033570574942], [0.020799632067044785], [-0.6924007829942774]], [[-0.07930033570574942], [0.020799632067044785], [-0.6924007829942774]], [[-0.07930033570574942], [0.020799632067044785], [-0.6924007829942774]], [[-0.07930033570574942], [0.020799632067044785], [-0.6924007829942774]]], "r_list": [[5.620886857624519, 5.366560127374585, 0.7791570720589054], [0.9550254705383673, 1.717688473020712, 1.9549084345117749], [3.5505462961198493, 0.5101151467205851, 2.585161668286037], [4.670817093425792, 5.72991391181875, 2.45416678409615], [4.9859206136575, 3.4754901379232437, 0.41646387097045523], [1.1312214937236809, 3.0517065268067936, 6.225403341920572], [3.7413384448577047, 4.422577735571924, 1.9498161892759658], [5.628397699836459, 4.905471614647923, 2.3007054429349765], [5.26576285381534, 0.6387271428191696, 4.007143164578645], [1.3744772659309148, 2.5395083357360355, 2.994678375582082]]}