{"recon_params": [[[-3.876844402839197e-06, -8.8480028352933e-06, 7.799202285241336e-05, 7.89588739280589e-06, -2.484346077835653e-05, 8.480703854729654e-07, -7.479853229597211e-05, 3.68485166291066e-06, -7.104875112418085e-05, -9.996297194447834e-07, 0.9219111204147339, 1.509989857673645, -0.80079185962677, -0.5908910036087036, 1.2354212999343872, 0.09474969655275345, -1.467353105545044, -0.5291112065315247, -0.022072888910770416, -0.20180153846740723, 1.3013948202133179, -0.683537483215332, 0.6777097582817078, 0.5190527439117432, 1.1875431537628174, -0.5549393892288208, -3.3185994625091553, 2.0403366088867188, -2.165686845779419, 0.5336729884147644, -3.8712127208709717, -0.46149617433547974, 1.2498068809509277, -1.8206719160079956, 3.0295140743255615, 1.3275195360183716, 0.7397796511650085, -3.884655475616455, 1.593158483505249, -3.146265983581543, -1.9625892639160156, 0.25954389572143555, 3.5289595127105713, -4.596693992614746, -6.615419387817383, 0.2602421045303345, -7.582989692687988, -1.94240403175354, -3.014787435531616, 3.8748159408569336, 4.3980302810668945, 0.5045177340507507, 0.171205073595047, 3.584209442138672, 0.8110166192054749, 3.5529849529266357, -3.8656721115112305, -0.6652823686599731, -0.09138244390487671, 0.016254130750894547, -0.7874270081520081]], [[-4.421255198394647e-06, -8.432339200226124e-06, 8.578468259656802e-05, 1.4044552699488122e-05, 1.8396162886347156e-06, 5.963959210930625e-07, -8.393807365791872e-05, -2.3031905129755614e-06, -9.059474541572854e-05, -5.71442797081545e-07, 1.5452145338058472, 0.9921266436576843, -0.5651399493217468, -1.0541173219680786, 0.1729729175567627, -0.42359450459480286, -2.0399138927459717, -0.20936661958694458, -0.7727733254432678, 0.3579687476158142, 0.5992878079414368, -0.1305646449327469, 0.28235140442848206, 0.8680522441864014, 0.9717748761177063, -0.239171102643013, -3.097532033920288, 1.851166009902954, -1.5231684446334839, 0.4924563467502594, -3.3885645866394043, -0.2653883397579193, 1.5724859237670898, -1.555229902267456, 1.90108060836792, 1.0753793716430664, 0.444563090801239, -3.6359453201293945, 1.519078254699707, -3.000359296798706, -2.6044375896453857, 1.2320337295532227, 3.3085248470306396, -4.719029426574707, -5.754160404205322, 0.7240983843803406, -7.002429008483887, -1.7809312343597412, -2.3414535522460938, 3.0215001106262207, 4.5979766845703125, -0.017719468101859093, 0.03929924964904785, 3.3494229316711426, 0.6178672909736633, 3.65596079826355, -3.518455743789673, -0.029308974742889404, -0.01978318765759468, 0.005871467292308807, -0.7319839596748352]], [[-5.146787316334667e-06, -7.295518571481807e-06, 8.245640492532402e-05, 1.7452615793445148e-05, -2.769312686723424e-06, 6.711354672006564e-07, -7.847530650906265e-05, -1.182604864879977e-05, -6.41040169284679e-05, 5.619349394692108e-07, 1.6975377798080444, 1.3450571298599243, -0.9193087220191956, -0.9969296455383301, 0.9267692565917969, 0.033679164946079254, -1.4202945232391357, 0.10406811535358429, -1.0466102361679077, -0.02640441805124283, 0.3530047535896301, 0.10872316360473633, 0.3174680471420288, -0.14138925075531006, 0.7065355181694031, -0.5832005739212036, -2.803046941757202, 1.9043266773223877, -1.090359091758728, 0.1261536031961441, -2.995694637298584, 0.2035636305809021, 2.6539626121520996, -1.038522720336914, 1.0983259677886963, 0.9866456985473633, 0.8306240439414978, -2.845853567123413, 1.3910019397735596, -3.157099962234497, -1.8699243068695068, 1.6338485479354858, 3.157864809036255, -5.617008209228516, -4.818106651306152, 0.3811136484146118, -5.885763168334961, -1.184025764465332, -2.548152446746826, 2.2836875915527344, 4.362914562225342, -1.397666335105896, 0.803948700428009, 3.6316654682159424, 0.4260382652282715, 1.982986569404602, -3.341965436935425, 1.0745141506195068, -0.061015304177999496, 0.016795996576547623, -0.7190909385681152]], [[-6.001878773531644e-06, -1.182593587145675e-05, 0.00010402563202660531, 1.3507745279639494e-05, -5.3974879847373813e-05, 1.3948192645329982e-06, -9.436984692001715e-05, 3.31424712385342e-06, -0.00015150177932810038, -7.479866326320916e-08, 1.8540831804275513, 1.2302510738372803, -0.6937885880470276, -0.935909628868103, 0.7403354048728943, 1.1943968534469604, -0.949623167514801, 0.8269297480583191, -0.8478361964225769, -0.07200717180967331, 1.6719605922698975, -0.8138435482978821, 0.040837083011865616, -0.11466902494430542, 1.4220688343048096, -0.3170239329338074, -3.003466844558716, 0.8389152884483337, -2.89664888381958, 0.4192253351211548, -5.5689849853515625, 1.9889925718307495, 1.005784034729004, 1.3204976320266724, 2.343724012374878, -0.39614754915237427, -0.8763617873191833, -0.5984634160995483, 1.6420447826385498, -6.4118194580078125, -0.4134542942047119, 3.1627187728881836, 3.0779008865356445, -7.555926322937012, -2.1868457794189453, -2.526183605194092, -5.720358848571777, -2.0365567207336426, -4.525732040405273, 3.39304256439209, 4.756838321685791, -3.0048654079437256, 1.624832034111023, 4.996428966522217, 2.050650119781494, -2.3553314208984375, -0.06800034642219543, -0.09529152512550354, -0.054501358419656754, 0.04244846850633621, -0.7142729759216309]], [[-2.6835773496713955e-06, -1.0604317139950581e-05, 8.732768765185028e-05, -1.3247306469565956e-06, 8.209387306123972e-05, 1.3298332532940549e-06, -8.959886326920241e-05, 6.762981502106413e-05, 6.201679207151756e-05, -2.5383160391356796e-06, 1.1831129789352417, 1.2756805419921875, -0.8451691269874573, -0.337942898273468, 1.15634286403656, 0.4292227327823639, -2.046952486038208, -0.8605518341064453, 0.286781370639801, 0.5190227031707764, 1.999830961227417, -1.4773106575012207, 3.053675651550293, 2.096956253051758, -1.1650160551071167, -0.9700080156326294, -3.0743443965911865, 0.7385029792785645, -1.984514594078064, -0.30542290210723877, -4.066416263580322, -1.6381326913833618, 0.3431776463985443, -2.660513162612915, 1.5519938468933105, 3.8855745792388916, 2.8723440170288086, -3.0762453079223633, 1.4224777221679688, -3.5907135009765625, -2.650916337966919, -0.6326491236686707, 3.6348531246185303, -1.1634396314620972, -6.6164045333862305, 0.2536550462245941, -7.655268669128418, -2.5006587505340576, -5.961945056915283, 6.9992828369140625, 7.538702964782715, -0.0968899130821228, 0.14361172914505005, 3.636517286300659, 3.1887683868408203, 1.147153377532959, -2.4964706897735596, 0.5044207572937012, -0.06664364039897919, -0.0006807669997215271, -0.7347736954689026]], [[-1.078680725186132e-06, -3.872469278576318e-06, 6.677933561149985e-05, 7.310951332328841e-06, 2.596940248622559e-05, 7.230730716401013e-07, -7.063577504595742e-05, 9.828118891164195e-06, -2.1813713829033077e-05, -9.642792520025978e-07, 1.0359879732131958, 1.4580812454223633, -0.9271019101142883, -0.8850725293159485, 0.40288737416267395, -0.172622412443161, -1.0753799676895142, -0.5419538617134094, 0.13186821341514587, 0.13697901368141174, 0.9047088623046875, -0.610140860080719, 0.8872725367546082, -0.2124176323413849, 0.7970886826515198, -0.009170209988951683, -2.5004959106445312, 0.8851544857025146, -1.5882551670074463, -0.0968312993645668, -3.2074027061462402, -0.8096503615379333, 0.7731595039367676, -2.456677198410034, 2.2508082389831543, 1.6434133052825928, -0.3233599364757538, -2.7575278282165527, 1.6922657489776611, -1.5737590789794922, -2.565021514892578, 0.3806172013282776, 3.713563919067383, -2.891589403152466, -5.096718788146973, 0.136118546128273, -6.426440238952637, -1.5657737255096436, -1.9315416812896729, 3.496711015701294, 3.4351634979248047, 0.47071975469589233, 0.32869070768356323, 2.523782253265381, 1.2337095737457275, 3.5092296600341797, -2.6648778915405273, -0.8520282506942749, -0.08790850639343262, 0.00662250816822052, -0.7276340126991272]], [[-3.807600478467066e-06, -6.307368039415451e-06, 7.22010008757934e-05, 1.3440098882711027e-05, -6.0067818594689015e-06, 7.424632713082246e-07, -7.051740976748988e-05, 3.2167486097023357e-07, -5.357346890377812e-05, -2.5958888727473095e-07, 1.4840806722640991, 1.392747163772583, -0.9235288500785828, -0.9858428239822388, 0.6149099469184875, 0.05691353231668472, -1.7391341924667358, 0.18870115280151367, -0.6747356057167053, -0.08158227056264877, 0.6921728849411011, -0.056835465133190155, 0.3061264753341675, -0.19661512970924377, 0.7724230289459229, -0.4030674993991852, -2.989738702774048, 1.4776732921600342, -1.362289547920227, 0.31451913714408875, -3.1151556968688965, 0.23657846450805664, 2.2884016036987305, -1.5087209939956665, 1.6383864879608154, 0.5343525409698486, 0.3749483525753021, -2.9392247200012207, 1.2868173122406006, -2.8459715843200684, -1.7820113897323608, 1.1096543073654175, 3.050471067428589, -5.454470634460449, -5.453174591064453, -0.019719120115041733, -6.136875629425049, -1.3696599006652832, -1.8989596366882324, 2.3013648986816406, 3.4750277996063232, -0.9283156394958496, 0.17619502544403076, 3.16237473487854, 0.7869642376899719, 2.56661057472229, -2.966723680496216, -0.2672034204006195, -0.05971482768654823, 0.010388553142547607, -0.7176055908203125]], [[-6.7294818109076004e-06, -1.5107456420082599e-05, 0.00011965359590249136, 1.9472308849799447e-05, -1.8672340956982225e-05, 1.700328652987082e-06, -0.00011053945490857586, 1.7260981621802785e-05, -0.00022925161465536803, -2.8186686904518865e-06, 0.6425572633743286, 1.4032553434371948, -0.6161414384841919, -0.6874441504478455, 0.735142707824707, -0.3912836015224457, -1.487414836883545, -1.2598744630813599, -0.1344071626663208, 0.18621447682380676, 1.6126718521118164, -1.1954832077026367, 0.749007523059845, 2.4965405464172363, 1.4592111110687256, -0.10967811942100525, -2.7563939094543457, 1.6675174236297607, -2.0778815746307373, 0.7852503657341003, -4.110866069793701, -0.8893046379089355, 0.7279500961303711, -2.05183482170105, 3.10610032081604, 1.1948139667510986, 0.7275280356407166, -3.7719926834106445, 1.825758934020996, -2.19333553314209, -3.5939462184906006, -1.3576728105545044, 1.013340711593628, -1.2600555419921875, -5.74838399887085, 2.7271480560302734, -9.83155632019043, -2.7234249114990234, -3.4483273029327393, 3.1177709102630615, 7.250049591064453, 1.5899394750595093, -0.4187028110027313, 2.619947671890259, 1.219751000404358, 4.9842939376831055, -3.3904495239257812, -0.7299658060073853, -0.06514433026313782, 0.003258679062128067, -0.7415886521339417]], [[-2.692227553779958e-06, -5.929518010816537e-06, 6.85156264808029e-05, 9.42799397307681e-06, 1.8409909898764454e-05, 4.633600383385783e-07, -6.948637019377202e-05, 3.427317324167234e-06, -7.440507761202753e-05, -1.041855739458697e-06, 2.1336894035339355, 0.8379433155059814, -0.3132196068763733, -1.0086480379104614, 0.014261629432439804, -0.38295915722846985, -2.003645181655884, -0.08962085098028183, -0.06022583693265915, -0.38935691118240356, 0.545746386051178, -0.31225672364234924, 0.43300485610961914, -0.8509962558746338, 1.1327416896820068, -0.13057953119277954, -3.017441987991333, 0.9136590361595154, -1.739990234375, 0.35606953501701355, -3.2156426906585693, -0.03426826745271683, 1.974313497543335, -1.7355458736419678, 2.7778537273406982, 0.5199527740478516, -0.6827921271324158, -2.596968173980713, 1.8151752948760986, -1.9148145914077759, -1.200585126876831, 0.03404354304075241, 2.70715594291687, -4.178888320922852, -4.930871963500977, -0.9730282425880432, -5.818007469177246, -1.767768144607544, -1.8828939199447632, 2.766543388366699, 2.856830596923828, 0.5195098519325256, 0.3374367952346802, 2.2177658081054688, 0.6797908544540405, 3.616177558898926, -3.3238918781280518, -0.8804601430892944, -0.007515978068113327, 0.012012258172035217, -0.6981601119041443]], [[-5.204434728511842e-06, -9.309820597991347e-06, 9.948880324373022e-05, 1.843093559728004e-05, -7.013390131760389e-05, 1.5444190921698464e-06, -9.522897016722709e-05, -6.092671355872881e-06, -0.00014456640928983688, 1.5517116480623372e-06, 2.0046005249023438, 0.8876832723617554, -0.2558061480522156, -1.3134548664093018, -0.3113642930984497, 0.8357217311859131, -1.4138412475585938, 0.7880099415779114, -1.080509901046753, 0.2763230800628662, 1.0319029092788696, 0.3319333791732788, -0.8479843735694885, 0.25539255142211914, 0.9649953246116638, -0.6002171039581299, -3.4420416355133057, 1.8070096969604492, -3.138314962387085, 0.7580623030662537, -6.3496551513671875, 0.3655013144016266, 0.7048686742782593, 0.5930418968200684, 2.5244152545928955, -0.21213054656982422, -1.484800100326538, -0.586575984954834, 1.89436674118042, -6.360806941986084, -1.386071801185608, 3.2566885948181152, 3.2537429332733154, -7.015685081481934, -0.5025732517242432, -2.6044535636901855, -4.375303268432617, -2.2726075649261475, -5.597492694854736, 3.4669761657714844, 5.591125965118408, -2.4502246379852295, 1.672182321548462, 4.45945930480957, 1.6892606019973755, -1.9033852815628052, -0.051145970821380615, 0.47003015875816345, -0.01697402074933052, 0.01815115287899971, -0.6806110739707947]]], "R_list": [[[-0.27214971535991944, -0.9607921932338818, 0.05303672171564298, -0.07888853633143007], [0.6667190393486742, -0.1485353417091079, 0.7303581141011167, 0.020204777423478662], [-0.6938445467102097, 0.23412734501588292, 0.6810022990536212, -0.6911226265948266]], [[0.2614743321807162, 0.2260195889272702, 0.9383742958072735, -0.07888853633143007], [0.46923821133377536, 0.8198117436348902, -0.32821365910425004, 0.020204777423478662], [-0.8434729839389807, 0.5261405234530689, 0.10830270054621395, -0.6911226265948266]], [[0.2230207658852823, 0.6654324843594661, 0.712363212654283, -0.07888853633143007], [-0.5135704152559266, -0.5409216779437472, 0.6660699414508784, 0.020204777423478662], [0.8285572801911752, -0.514396099411446, 0.2211096704183073, -0.6911226265948266]], [[-0.5107718122101556, 0.8136368216341913, -0.2776819733662324, -0.07888853633143007], [-0.2145110864404947, -0.4333904797889793, -0.8753043389715355, 0.020204777423478662], [-0.8325245639893588, -0.38751492166017226, 0.39589775933318716, -0.6911226265948266]], [[0.812814323756318, -0.09187074496812488, -0.5752326844986826, -0.07888853633143007], [0.573122457100865, -0.05056456967628163, 0.8179082304636138, 0.020204777423478662], [-0.10422823160366113, -0.9944862947836205, 0.011553580584362576, -0.6911226265948266]], [[-0.47895421898966156, -0.7041968551883416, 0.5241275085843643, -0.07888853633143007], [0.1619046007389597, 0.5159596670286599, 0.8411733009667105, 0.020204777423478662], [-0.8627802480189039, 0.4877421564131237, -0.13310834867097812, -0.6911226265948266]], [[-0.6184203642664177, 0.7743956018198113, -0.13367013481972567, -0.07888853633143007], [0.5780439299872463, 0.3330287256676184, -0.7449544166491676, 0.020204777423478662], [-0.5323734291505268, -0.5379621917591743, -0.6535864228793117, -0.6911226265948266]], [[-0.49562764861802244, 0.7853159790163563, -0.3709879338023704, -0.07888853633143007], [0.6082367072415512, 0.6187465147742287, 0.49719297905209847, 0.020204777423478662], [0.6200010821678664, 0.020774107834680908, -0.7843258854292311, -0.6911226265948266]], [[0.11344376786562957, -0.033369657652676396, 0.9929838757404835, -0.07888853633143007], [0.5941351588356025, -0.7987687452115462, -0.09472013887535032, 0.020204777423478662], [0.7963252630476084, 0.60071204218104, -0.07078924926033626, -0.6911226265948266]], [[0.0013429513182990954, 0.003049850921511799, 0.9999944474301411, -0.07888853633143007], [0.9858179780346908, -0.16781613356256125, -0.0008120958728333783, 0.020204777423478662], [0.1678127249804101, 0.9858135948167226, -0.0032319667665516995, -0.6911226265948266]]], "trans_list": [[[-0.07888853633143007], [0.020204777423478662], [-0.6911226265948266]], [[-0.07888853633143007], [0.020204777423478662], [-0.6911226265948266]], [[-0.07888853633143007], [0.020204777423478662], [-0.6911226265948266]], [[-0.07888853633143007], [0.020204777423478662], [-0.6911226265948266]], [[-0.07888853633143007], [0.020204777423478662], [-0.6911226265948266]], [[-0.07888853633143007], [0.020204777423478662], [-0.6911226265948266]], [[-0.07888853633143007], [0.020204777423478662], [-0.6911226265948266]], [[-0.07888853633143007], [0.020204777423478662], [-0.6911226265948266]], [[-0.07888853633143007], [0.020204777423478662], [-0.6911226265948266]], [[-0.07888853633143007], [0.020204777423478662], [-0.6911226265948266]]], "r_list": [[2.3212383515575876, 3.088531035903156, 4.988413989666019], [4.393662870388643, 1.9236965140893219, 2.428795249648433], [1.8913118499989447, 2.3487328664975786, 1.894182433060011], [4.287626289286488, 3.4229729990392586, 1.0102119669937792], [1.5849211537490613, 3.7544812321111416, 3.254142947024731], [4.555448997501471, 0.5516903056697767, 2.1680704301272966], [2.2909562555690233, 6.149113874198849, 4.038511712711223], [0.5649817349133016, 3.5216653013096098, 1.0078090976992835], [2.2126003167706196, 1.4522691655404119, 0.28608262478791585], [2.8954191752336182, 1.5674638877489686, 5.127175169107134]]}