{"recon_params": [[[-1.193000116472831e-06, -3.830517016467638e-06, 4.1497631173115224e-05, 3.016136815858772e-07, 1.8199465557700023e-05, 5.137123935128329e-07, -4.127725333091803e-05, 9.376958587381523e-06, 4.793437256012112e-05, -9.079790288524237e-07, 1.6002482175827026, 1.14039945602417, -0.3622964918613434, -0.8419841527938843, 0.5574089884757996, -0.1545661985874176, -1.7369170188903809, 0.06906332820653915, 0.08847155421972275, -0.2661948800086975, 0.7992303371429443, -0.27043747901916504, 0.051360953599214554, -0.7616547346115112, 1.5524048805236816, 0.43678951263427734, -2.202740430831909, 1.4384753704071045, -1.1042760610580444, -0.33460289239883423, -2.621121883392334, 0.38892897963523865, 1.9610259532928467, -2.2625248432159424, 1.6341536045074463, -0.4263705015182495, -0.8843424320220947, -2.345602512359619, 1.7910964488983154, -2.3682124614715576, -1.4013376235961914, 1.6666427850723267, 3.0557920932769775, -5.50274658203125, -4.983783721923828, 0.33708250522613525, -5.861563682556152, -1.2669730186462402, -1.4759924411773682, 1.575272560119629, 2.039393901824951, -0.5915165543556213, 0.8637520670890808, 2.7274510860443115, 1.6002461910247803, 2.7893130779266357, -2.8562228679656982, -1.3609412908554077, -0.02805805578827858, 0.022221501916646957, -0.7074608206748962]], [[-4.420205641508801e-06, -9.969415259547532e-06, 7.444818038493395e-05, 7.718761480646208e-06, 3.833344089798629e-05, 7.619528332725167e-07, -7.231300696730614e-05, -5.047229478805093e-07, -6.646892870776355e-05, -9.246600711776409e-07, 1.4626153707504272, 1.3361554145812988, -0.5708619952201843, -0.9130462408065796, 0.6396980285644531, -0.19689953327178955, -1.8920670747756958, 0.14791163802146912, 0.0035659894347190857, -0.7730365991592407, 0.5566843748092651, -0.2344433069229126, 0.286876380443573, -0.4788220226764679, 1.4299994707107544, -0.5511844754219055, -3.6455795764923096, 1.2833690643310547, -2.5483806133270264, 0.8742654919624329, -3.655561923980713, -0.11530087143182755, 1.8597450256347656, -1.640641212463379, 3.8600118160247803, 0.28387582302093506, -0.4414502680301666, -3.2438297271728516, 1.8149399757385254, -2.8460240364074707, -0.305481493473053, -0.7167747616767883, 2.1837031841278076, -4.597649574279785, -6.059854984283447, -1.6410553455352783, -6.189456939697266, -2.492222547531128, -3.0221846103668213, 3.806368350982666, 3.226374626159668, 1.5327550172805786, -0.21048593521118164, 2.248525381088257, 0.7487893104553223, 4.142358779907227, -4.2366743087768555, -1.4071452617645264, -0.04699300602078438, 0.025774136185646057, -0.7027159333229065]], [[-4.286129751562839e-06, -7.858810931793414e-06, 7.12370965629816e-05, 1.1541172170836944e-05, 1.9177861759089865e-05, 7.426153842970962e-07, -6.799824041081592e-05, -2.7707872050086735e-06, -7.00224336469546e-05, -7.221578925964423e-07, 1.7127093076705933, 1.2757608890533447, -0.7338051199913025, -1.1937024593353271, 0.5383197665214539, -0.3219970464706421, -1.4971550703048706, 0.33810579776763916, -0.5921983122825623, -0.22755590081214905, 0.666987419128418, -0.19141370058059692, 0.3460746705532074, -0.1603739857673645, 1.1073267459869385, -0.5726132988929749, -2.7084996700286865, 1.2269835472106934, -1.874746322631836, 0.591508150100708, -2.901388645172119, 0.432905375957489, 2.5336833000183105, -1.0869430303573608, 2.4938161373138428, 0.09502328932285309, 0.014998693019151688, -2.747013568878174, 1.5324180126190186, -2.560060739517212, -0.8089738488197327, -0.31011804938316345, 1.0703275203704834, -4.305021286010742, -4.909608364105225, -0.22885853052139282, -6.069268226623535, -1.8857685327529907, -2.547675371170044, 2.0365405082702637, 4.079070091247559, 0.3018847107887268, 0.023477645590901375, 2.334484577178955, 0.6169045567512512, 3.4685559272766113, -3.296373128890991, -0.41479671001434326, -0.04470968618988991, 0.013822358101606369, -0.7091049551963806]], [[-5.528954261535546e-06, -9.670990039012395e-06, 7.680799899389967e-05, 2.723045508901123e-05, -2.4807723093545064e-05, 1.1798218793046544e-06, -5.868285370524973e-05, 4.403266757435631e-06, -0.00017952620692085475, 9.282211976824328e-08, 0.9773569107055664, 1.238064169883728, -0.7692773342132568, -0.94391930103302, -0.14769014716148376, 0.17690560221672058, -0.9025595784187317, -0.9564803838729858, 0.07699599117040634, 1.0466219186782837, 0.7930663824081421, -0.7927703857421875, 0.05088153854012489, 0.8937978744506836, 2.6235809326171875, -0.44973036646842957, -3.655843496322632, 1.4513778686523438, -2.789586305618286, 0.560846745967865, -4.263757705688477, 0.4084920287132263, 0.4069244861602783, -0.5867903232574463, 2.5949037075042725, 0.8317553997039795, -1.541917085647583, -1.699514389038086, 1.8015086650848389, -5.80452823638916, -1.3727463483810425, 2.177443504333496, 2.706101179122925, -5.495391845703125, -3.358595848083496, -1.1634994745254517, -7.325890064239502, -3.9020559787750244, -6.5282464027404785, 5.870591640472412, 6.193214416503906, -1.2661088705062866, 2.809661865234375, 4.922443866729736, 3.8411293029785156, 1.434256911277771, -3.918612241744995, 1.776105523109436, -0.04621981456875801, -0.006628766655921936, -0.7293367385864258]], [[-1.0665959052857943e-05, -2.6332412744523026e-05, 0.0001456756581319496, 1.551662307974766e-06, 4.8667741793906316e-05, 1.5644347968191141e-06, -0.0001315078407060355, -7.830073627701495e-06, -0.00022535274911206216, -1.5286918824131135e-06, 1.635794997215271, 1.180567979812622, -0.7215441465377808, -0.9677035808563232, 0.7480875253677368, 0.4354039132595062, -1.631068468093872, 0.2525272071361542, -1.1487464904785156, 0.9261511564254761, 0.6866070032119751, -0.42662984132766724, -0.0439828597009182, 2.371756076812744, 3.2213854789733887, -0.7307384014129639, -1.387208104133606, 2.805469036102295, -3.8110744953155518, -2.0642518997192383, -3.811267852783203, 1.5972384214401245, 3.9424211978912354, 1.6228642463684082, 5.237095832824707, 0.1542114019393921, -1.0853126049041748, -4.042605400085449, -1.5715012550354004, -1.7484209537506104, 0.7194836735725403, -1.881738305091858, -4.903428077697754, -5.058465957641602, -8.442025184631348, 3.6645143032073975, -9.943520545959473, -2.0232505798339844, -4.099686145782471, -0.06573700904846191, 8.09868049621582, 1.816125750541687, -3.6397883892059326, 0.18805231153964996, 0.19924002885818481, 7.89251708984375, -2.999941110610962, 0.10830608010292053, -0.03690293803811073, 0.004092030227184296, -0.7139223217964172]], [[-4.280412213120144e-06, -9.084140401682816e-06, 8.461308607365936e-05, 1.0873814062506426e-05, -1.6930047422647476e-05, 8.141357739077648e-07, -8.216877176892012e-05, 4.900411113339942e-06, -7.562570681329817e-05, -1.3944663805887103e-06, 1.7346850633621216, 1.1772124767303467, -0.7829809784889221, -0.8940447568893433, 0.5808938145637512, -0.10337945073843002, -2.096346139907837, -0.5252547860145569, -0.6114695072174072, 0.3226160705089569, 1.1141796112060547, -0.35871368646621704, 0.4642423987388611, 1.1595655679702759, 1.1473171710968018, -0.2861135005950928, -3.2608513832092285, 1.9350988864898682, -1.8297892808914185, 0.5221430063247681, -3.704338550567627, -0.2998591661453247, 1.2279140949249268, -2.0762696266174316, 2.3596880435943604, 0.9299324154853821, 0.8619549870491028, -4.064789772033691, 1.1243610382080078, -3.1867263317108154, -2.6007325649261475, 0.6369060277938843, 3.2688748836517334, -4.764182090759277, -7.033255100250244, 1.0568609237670898, -8.03691577911377, -1.8699816465377808, -2.3074827194213867, 3.1969738006591797, 4.324426174163818, -0.04830145463347435, -0.4244092106819153, 3.6445562839508057, 1.1856783628463745, 3.683790683746338, -3.3216164112091064, -1.0355827808380127, -0.03728227689862251, 0.0050782710313797, -0.7045283913612366]], [[-3.5417201615928207e-06, -6.734577709721634e-06, 6.899739673826844e-05, 1.0121076229552273e-05, 3.105142604908906e-05, 8.742064210309763e-07, -6.563793431269005e-05, -5.5725604397594e-06, -6.104570275056176e-06, -8.417423487117048e-07, 1.7962526082992554, 1.0933290719985962, -0.2868403494358063, -0.8884990811347961, 0.9468820691108704, -0.06913331896066666, -1.8571381568908691, 0.4809248149394989, -1.0912164449691772, -0.13007298111915588, 0.8074042201042175, -0.12810420989990234, -0.0859757661819458, 0.2804048955440521, 1.2903481721878052, -0.6769363284111023, -3.2312700748443604, 1.007533073425293, -2.0488476753234863, 0.953053891658783, -2.7217111587524414, 1.2859300374984741, 2.662785530090332, -1.195691466331482, 2.290574073791504, -0.9164153337478638, 0.13849756121635437, -3.2178168296813965, 1.0739893913269043, -3.5713069438934326, -0.5605510473251343, 0.03411680459976196, 0.642390787601471, -5.741693496704102, -6.726353645324707, -0.21914862096309662, -6.992766380310059, -2.2349796295166016, -2.0797860622406006, 2.213331699371338, 3.962313175201416, -0.05093013867735863, -1.2923126220703125, 2.66096568107605, 1.4798527956008911, 3.6577348709106445, -2.8487284183502197, -1.7657546997070312, -0.023491550236940384, 0.027605324983596802, -0.6921913027763367]], [[-6.0445559029176366e-06, -1.269030872208532e-05, 9.728383884066716e-05, 1.2853497537435032e-05, -1.4985612324380782e-06, 1.4031468253961066e-06, -8.90691444510594e-05, 2.0760446659551235e-06, -0.00016474717995151877, -2.8285012376727536e-07, 1.528295874595642, 1.1749749183654785, -0.29190894961357117, -0.7387521266937256, 0.3837030231952667, 0.629722535610199, -1.2118688821792603, 0.710126519203186, -1.0846264362335205, 0.2949446737766266, 1.3882558345794678, 0.08940523862838745, -1.1059496402740479, 0.9887183904647827, 1.6673262119293213, -0.13368107378482819, -3.0881049633026123, 1.8865976333618164, -3.416532516479492, 0.736254870891571, -5.834921836853027, 0.9953441023826599, 0.4799704849720001, 0.6549920439720154, 2.9170033931732178, -0.78464674949646, -1.5511138439178467, -1.8255314826965332, 1.9849944114685059, -6.467836856842041, -1.255749225616455, 3.3997368812561035, 2.4471404552459717, -7.175571441650391, -2.663243532180786, -1.2132059335708618, -6.1055707931518555, -2.571000814437866, -5.095675945281982, 3.516502618789673, 5.862682342529297, -0.8916492462158203, 0.4915844202041626, 4.469099521636963, 1.4997122287750244, 0.3415670692920685, -1.0981156826019287, -0.42754051089286804, -0.034871894866228104, 0.0340876430273056, -0.7073559165000916]], [[-2.234074145235354e-06, -4.3062482291134074e-06, 5.401747694122605e-05, 9.617529940442182e-06, -2.5527438083372544e-06, 7.888017989898799e-07, -5.297973257256672e-05, 3.351783561811317e-08, -1.6199935544136679e-06, -5.647557372867595e-07, 1.7864402532577515, 1.0707145929336548, -0.2813269793987274, -0.8907532095909119, 0.4622780382633209, -0.0011368915438652039, -1.8773198127746582, 0.4372346103191376, -0.4125511646270752, -0.39234334230422974, 0.6823511719703674, -0.20083242654800415, 0.2801133692264557, -0.7769961357116699, 0.8184425830841064, -0.25124800205230713, -3.0777359008789062, 0.6559643745422363, -1.512209177017212, 0.2857043147087097, -2.853525161743164, 0.6979029774665833, 2.3999853134155273, -1.8817338943481445, 1.938611388206482, -0.20744913816452026, -0.1617155373096466, -2.510863780975342, 1.133089542388916, -2.570873975753784, -0.894159197807312, 0.41708362102508545, 2.4798614978790283, -5.592167854309082, -5.990048408508301, -1.0201436281204224, -5.90803337097168, -1.53145170211792, -1.288755178451538, 2.357501268386841, 2.243588447570801, -0.8141159415245056, -0.45136916637420654, 2.474910020828247, 1.5041800737380981, 2.4184584617614746, -2.3615620136260986, -1.768599033355713, -0.020459089428186417, 0.029655754566192627, -0.7106806039810181]], [[-4.454681857168907e-06, -8.938479368225671e-06, 7.803094922564924e-05, 1.0975953955494333e-05, 1.7776115782908164e-05, 5.577960564551177e-07, -7.53728236304596e-05, 7.671519597352017e-08, -0.00011113708023913205, -3.6435449146665633e-07, 2.0315277576446533, 0.8383787274360657, -0.22587555646896362, -0.9094793200492859, 0.19861705601215363, -0.4380008280277252, -1.9286404848098755, 0.4667525291442871, -0.45137837529182434, -0.571616530418396, 0.4116194248199463, -0.26975318789482117, 0.24704717099666595, -0.5260019302368164, 1.3225241899490356, -0.49155375361442566, -3.0268218517303467, 0.9191879034042358, -2.0030226707458496, 0.5526557564735413, -2.8750648498535156, 0.6121417880058289, 2.9121334552764893, -1.0206459760665894, 2.8660430908203125, -0.20745721459388733, -0.439584344625473, -2.1197659969329834, 1.7062461376190186, -2.7145822048187256, 0.013993576169013977, -0.8022034168243408, 0.47477415204048157, -4.262759208679199, -4.577976226806641, -1.182387113571167, -5.7299981117248535, -2.2997918128967285, -3.217711925506592, 2.4849867820739746, 4.147645950317383, 0.535508930683136, 0.10339957475662231, 1.89504873752594, 1.0007703304290771, 3.249661445617676, -3.493983030319214, -0.47754600644111633, -0.0019127167761325836, 0.02219204604625702, -0.6977999806404114]]], "R_list": [[[-0.08039924496610981, 0.19685701904425446, -0.977130122072741, -0.07929999993225462], [0.05194794295934624, 0.9797989272672023, 0.19312035974575967, 0.020799999678209433], [0.9954081437436462, -0.03523316873415125, -0.08900141116734529, -0.6923999989499466]], [[-0.08430759069449789, 0.9318986337375033, -0.3527848729600853, -0.07929999993225462], [-0.9937102518795323, -0.05244333953708022, 0.0989425664095814, 0.020799999678209433], [0.07370322557937964, 0.35890755435957733, 0.9304585976618313, -0.6923999989499466]], [[-0.47379419436032555, 0.011165010187679507, 0.88056482097456, -0.07929999993225462], [0.5229748453185186, -0.8009359556534694, 0.2915457187226993, 0.020799999678209433], [0.7085311373217988, 0.598645919963523, 0.37363978636717154, -0.6923999989499466]], [[-0.45979861282494977, -0.7609029019811483, -0.4578340413303915, -0.07929999993225462], [-0.18877634833262724, -0.42002928790504607, 0.8876592181756342, 0.020799999678209433], [-0.8677261814388514, 0.49457271564315664, 0.049488412652891466, -0.6923999989499466]], [[-0.11360779631050529, 0.002895372188460116, -0.9935214569587115, -0.07929999993225462], [0.9853614084656487, 0.1282630075948252, -0.11230091535389597, 0.020799999678209433], [0.12710689723246274, -0.9917359616866882, -0.017424665658659015, -0.6923999989499466]], [[0.1688982648459358, 0.04135721020194233, -0.9847654326266456, -0.07929999993225462], [0.12450454724516724, -0.992011199261698, -0.020307591059597313, 0.020799999678209433], [-0.9777382031235704, -0.11917785743870495, -0.17269813099455264, -0.6923999989499466]], [[0.014806110380188153, 0.18117098161404438, 0.9833401519903544, -0.07929999993225462], [-0.47489922785867766, -0.8641719188587869, 0.16636591608605963, 0.020799999678209433], [0.8799156223608269, -0.46945071101972535, 0.07324293446082616, -0.6923999989499466]], [[0.62424689913419, 0.6147660028956938, 0.4820566051876066, -0.07929999993225462], [0.36307426518141167, -0.7746634658858251, 0.5177582375826957, 0.020799999678209433], [0.6917318027128191, -0.14818662660784493, -0.7067869812116383, -0.6923999989499466]], [[-0.0863900134114856, -0.0910974452786712, 0.9920877083436034, -0.07929999993225462], [0.389984021315639, 0.9132531903345371, 0.1178179674848999, 0.020799999678209433], [-0.9167601805822756, 0.39707664978878987, -0.0433694073197251, -0.6923999989499466]], [[-0.6910238848502083, -0.3268550755248236, -0.6447105941197087, -0.07929999993225462], [0.6635958279059835, 0.0667512516277228, -0.7451072725399377, 0.020799999678209433], [0.28657733293528004, -0.9427141825653172, 0.1707729552297653, -0.6923999989499466]]], "trans_list": [[[-0.07929999993225462], [0.020799999678209433], [-0.6923999989499466]], [[-0.07929999993225462], [0.020799999678209433], [-0.6923999989499466]], [[-0.07929999993225462], [0.020799999678209433], [-0.6923999989499466]], [[-0.07929999993225462], [0.020799999678209433], [-0.6923999989499466]], [[-0.07929999993225462], [0.020799999678209433], [-0.6923999989499466]], [[-0.07929999993225462], [0.020799999678209433], [-0.6923999989499466]], [[-0.07929999993225462], [0.020799999678209433], [-0.6923999989499466]], [[-0.07929999993225462], [0.020799999678209433], [-0.6923999989499466]], [[-0.07929999993225462], [0.020799999678209433], [-0.6923999989499466]], [[-0.07929999993225462], [0.020799999678209433], [-0.6923999989499466]]], "r_list": [[4.280540827802593, 4.926667235851017, 4.324649906524301], [3.035653345006262, 3.5021383250180222, 1.4805733096170155], [2.478988860108782, 2.064539977305021, 0.0235607449661756], [4.768082914612017, 5.807627937031641, 2.114357143855879], [4.866322006644931, 4.59849823971702, 0.025480166496284193], [6.166132740979203, 4.537612509989585, 2.901453094518284], [5.127106997472156, 1.3880051177711008, 4.793932276613993], [0.6322405724380481, 2.6385921054353374, 2.3638463162430288], [1.2180840656061764, 1.696675219288493, 5.471270743386865], [1.3454950586417955, 5.582540676461919, 2.699776482030202]]}