{"recon_params": [[[-4.298002295399783e-06, -8.10048913990613e-06, 7.048533734632656e-05, 1.0436098818900064e-05, 1.1953281500609592e-05, 6.909103831276298e-07, -6.682048842776567e-05, -5.683968083758373e-06, -6.195532478159294e-05, -5.559991222980898e-07, 2.0559093952178955, 1.0494526624679565, -0.5003651976585388, -0.9028856158256531, 0.7559559941291809, 0.03168845176696777, -1.1935299634933472, 0.2493448257446289, -0.4065832197666168, -0.25283727049827576, 0.4908648729324341, -0.11277777701616287, 0.3734428882598877, -0.46843406558036804, 1.0253599882125854, -0.3420707583427429, -2.958706855773926, 1.261223554611206, -1.6906386613845825, 0.3264882564544678, -3.0909252166748047, 0.07070478051900864, 1.9335002899169922, -1.382152795791626, 2.1470813751220703, 0.8232502341270447, -0.17003312706947327, -2.9484026432037354, 1.6988310813903809, -2.7939493656158447, -1.4032697677612305, 1.0577439069747925, 3.224984884262085, -5.0173444747924805, -5.218960762023926, -0.6719319224357605, -5.7589826583862305, -1.723860740661621, -2.3096282482147217, 3.183762550354004, 3.457610845565796, 0.05198066309094429, 0.39679616689682007, 2.9082822799682617, 0.6444870233535767, 3.1441595554351807, -3.5551915168762207, -0.18181145191192627, -0.029492605477571487, 0.0277186781167984, -0.7008593678474426]], [[-3.4794024941220414e-06, -8.308031283377204e-06, 7.489709241781384e-05, 4.833557795791421e-06, 4.3432769416540395e-06, 7.932310381875141e-07, -7.375280256383121e-05, 9.054504062078195e-07, -4.1622170101618394e-05, -1.263481408386724e-06, 0.99658203125, 1.4090263843536377, -0.7740973234176636, -1.2541254758834839, 0.5936545133590698, -0.3820174038410187, -1.4080281257629395, 0.13040459156036377, -0.11057912558317184, -0.1584111750125885, 1.002091884613037, -0.588455319404602, 0.40857526659965515, 0.17415834963321686, 1.546284556388855, -0.03747329115867615, -2.834956407546997, 2.076956033706665, -1.827629804611206, 0.10661425441503525, -3.3850674629211426, -0.29039356112480164, 1.3652117252349854, -1.9734413623809814, 2.798304319381714, 0.773928165435791, 0.17023028433322906, -3.440216541290283, 1.885113000869751, -2.891167402267456, -1.5841710567474365, 0.7532573938369751, 3.599553346633911, -4.901114463806152, -5.970499038696289, 0.2945767045021057, -6.930973529815674, -1.6814779043197632, -2.6542046070098877, 3.1567230224609375, 3.4605536460876465, 0.4824031591415405, 0.7576213479042053, 3.3539743423461914, 0.8560985326766968, 3.3759520053863525, -3.9186737537384033, -0.899019718170166, -0.07162807881832123, 0.00793689489364624, -0.7342149615287781]], [[-6.75068849886884e-06, -1.5856860045460053e-05, 7.562734390376136e-05, 1.3707146990782348e-06, 3.3194624847965315e-05, 1.4088026318859193e-06, -6.746330473106354e-05, 1.2296653039811645e-05, -0.00015433889348059893, -1.0860876500373706e-06, 1.1975022554397583, 1.466241478919983, -0.6157512068748474, -0.5668087601661682, 1.195112705230713, -0.26288077235221863, -1.9609981775283813, 0.44172510504722595, -0.7155887484550476, -0.6200180053710938, 0.9987329840660095, 0.8106151223182678, -0.2645895481109619, 0.9129123687744141, -0.0770544782280922, -0.7947069406509399, -2.693052053451538, 1.8294341564178467, -2.5232858657836914, 0.6690524220466614, -3.8944835662841797, -0.7593840956687927, 2.4414100646972656, -1.7642818689346313, 2.510113477706909, -0.01878383755683899, 0.48770126700401306, -3.6648125648498535, 1.887129545211792, -2.6951661109924316, -1.102257251739502, -1.086933970451355, -0.22399809956550598, -3.326948881149292, -5.013134479522705, 1.014887809753418, -6.497260570526123, -2.143857955932617, -4.1933488845825195, 2.803528308868408, 5.817169189453125, 1.5419539213180542, -0.9621748328208923, 2.208556652069092, 0.3579385280609131, 3.5568597316741943, -3.648115396499634, -0.4351964592933655, -0.07498599588871002, 0.036410555243492126, -0.7566249966621399]], [[-3.939883299608482e-06, -5.958317160548177e-06, 5.726221206714399e-05, 1.1387281119823456e-05, 6.236264653125545e-06, 7.495841600757558e-07, -5.321297066984698e-05, -7.546087545051705e-06, -4.7227804316207767e-05, -2.0088759811187629e-07, 1.617752194404602, 1.4091917276382446, -0.7572773694992065, -0.7415265440940857, 0.531830906867981, 0.3098982572555542, -1.4012086391448975, 0.35869234800338745, -0.5928676724433899, -0.17433494329452515, 0.592980682849884, 0.086517333984375, 0.3164673447608948, -0.9715456962585449, 0.7287483811378479, -0.5236177444458008, -2.552780866622925, 0.9023128151893616, -1.2405917644500732, 0.23206491768360138, -2.592174530029297, 0.5265564322471619, 2.8873777389526367, -1.1843314170837402, 1.5248926877975464, 0.038368552923202515, -0.21685251593589783, -1.936529517173767, 1.3062305450439453, -2.1183040142059326, -1.0337532758712769, 0.3422577977180481, 1.5485708713531494, -4.617688179016113, -3.9670755863189697, -0.5054183006286621, -5.062013149261475, -1.2823278903961182, -1.7160217761993408, 1.46572744846344, 3.287659168243408, -0.8456862568855286, 0.20929694175720215, 2.2850310802459717, 0.6475686430931091, 2.3389246463775635, -2.4290549755096436, -0.09609603136777878, -0.06144567206501961, 0.04733217507600784, -0.7575443387031555]], [[-3.6542464840749744e-06, -6.0539164223882835e-06, 5.895671347388998e-05, 2.0552706700982526e-05, -2.9792152417940088e-05, 1.3566015013566357e-06, -4.5334541937336326e-05, 1.9714043446583673e-05, -9.622026118449867e-05, -1.8122514120477717e-06, 1.0412096977233887, 1.351854920387268, -0.748991072177887, -0.8622684478759766, 0.051975067704916, 0.4797019064426422, -0.6859318614006042, -0.6198151707649231, -0.5413966178894043, 1.243341326713562, 0.5101146101951599, -0.736948549747467, 0.6743326783180237, 0.38541898131370544, 1.920517921447754, -1.0148481130599976, -4.018085479736328, 1.0756251811981201, -2.3229422569274902, 0.6936373114585876, -3.2900640964508057, 0.20971176028251648, 0.5125550031661987, -0.9959784746170044, 2.0430662631988525, 1.6628320217132568, -0.6335300803184509, -2.1334900856018066, 0.8238186240196228, -4.8941755294799805, -1.4546619653701782, 1.2618645429611206, 3.1639320850372314, -4.880054473876953, -4.62641716003418, -1.328133225440979, -7.121016502380371, -3.3988473415374756, -4.971567630767822, 6.891262054443359, 5.313093185424805, -1.4521762132644653, 1.4385077953338623, 4.9121174812316895, 3.267533779144287, 1.2005056142807007, -3.669461488723755, 1.6354883909225464, -0.0540999211370945, 0.0043921396136283875, -0.7235865592956543]], [[-4.10379288950935e-06, -7.893859219620936e-06, 7.485312380595133e-05, 1.0499628842808306e-05, -1.2874157619080506e-05, 7.249948339449475e-07, -7.176327926572412e-05, -2.7346547994966386e-06, -8.169362263288349e-05, -6.580471563211177e-07, 1.6314588785171509, 1.326116919517517, -0.9515582323074341, -0.9116371870040894, 0.879260241985321, 0.16368669271469116, -1.4207969903945923, -0.21562077105045319, -0.36078280210494995, -0.26552262902259827, 0.9883353114128113, -0.45052480697631836, 0.5283367037773132, 0.020529314875602722, 1.1483526229858398, -0.41836920380592346, -2.815404176712036, 1.4125561714172363, -1.7963874340057373, 0.433586061000824, -3.4324216842651367, 0.05051218718290329, 1.9597769975662231, -1.544486403465271, 2.5490224361419678, 0.4782738983631134, 0.30335313081741333, -2.7722933292388916, 1.4619057178497314, -2.594799280166626, -1.5046337842941284, -0.11276274174451828, 2.2307381629943848, -4.201452255249023, -5.3025078773498535, -0.006909813731908798, -6.700153350830078, -1.7396211624145508, -2.478457450866699, 2.456113338470459, 3.8532638549804688, -0.0032553798519074917, 0.08306306600570679, 2.77260422706604, 0.9038709998130798, 3.0673396587371826, -3.0184497833251953, -0.7391196489334106, -0.06895677745342255, 0.017156139016151428, -0.7254115343093872]], [[-6.43664634480956e-06, -1.2631589925149456e-05, 9.77032323135063e-05, 1.4236532479117159e-05, -2.339810635021422e-05, 1.32576781197713e-06, -8.596546831540763e-05, 6.637280421273317e-06, -0.00015601611812599003, -1.1438851288403384e-06, 1.4739335775375366, 1.2991907596588135, -0.6665831804275513, -0.9623371362686157, -0.31003016233444214, 0.6984729766845703, -1.3606055974960327, 0.5507897734642029, -1.0885742902755737, 0.31873583793640137, 1.2112693786621094, 0.12267333269119263, -0.42886874079704285, 0.09822346270084381, 0.6826197504997253, -0.8724699020385742, -3.0655276775360107, 1.360060214996338, -3.0071520805358887, 0.5485138893127441, -5.80692195892334, 0.4216315746307373, 0.9118449687957764, -0.02603025734424591, 2.2739815711975098, -0.4280902147293091, -0.7391428351402283, 0.17464497685432434, 1.2652599811553955, -5.9240312576293945, -0.7407975196838379, 1.48133385181427, 1.856943130493164, -5.642714500427246, -0.38135993480682373, -2.197028160095215, -4.875669479370117, -2.192072629928589, -6.13300895690918, 3.3943724632263184, 5.269189834594727, -3.2149064540863037, 1.7769577503204346, 4.730586051940918, 2.798722743988037, -3.1694905757904053, 0.3925240635871887, 0.44884195923805237, -0.03276372328400612, 0.011410508304834366, -0.7006709575653076]], [[-8.65627771418076e-06, -1.7126470993389376e-05, 0.00010430697147967294, 4.86419321532594e-06, 4.9278281949227676e-05, 1.3096614566165954e-06, -9.57105221459642e-05, -9.71912140812492e-06, -0.00019813631661236286, -2.623139607749181e-07, 1.1137993335723877, 1.3603767156600952, -0.7373787760734558, -0.6957981586456299, 0.508956253528595, 0.13482999801635742, -1.5236767530441284, -0.2249947488307953, -1.0020709037780762, 0.5131187438964844, 0.7509472966194153, -0.06214475631713867, -0.2006768435239792, 1.3872509002685547, 1.481006145477295, -0.8136835098266602, -2.004495143890381, 1.4899847507476807, -1.8233245611190796, 1.0177066326141357, -2.4610211849212646, 0.49040621519088745, 3.1476001739501953, -0.2957770824432373, 2.3717610836029053, -0.6854692697525024, -0.380295991897583, -2.2221620082855225, 1.2341499328613281, -1.5923789739608765, -1.3762266635894775, -2.0907392501831055, -3.1678571701049805, -1.825876235961914, -2.8147969245910645, 2.091303586959839, -6.902329921722412, -2.3319332599639893, -3.0481812953948975, -0.00047969818115234375, 6.926224708557129, 0.8897556662559509, -0.6536689400672913, 1.074742078781128, 0.22114543616771698, 4.646100997924805, -2.796396017074585, 0.6555267572402954, -0.06247666850686073, 0.010763239115476608, -0.7583093047142029]], [[-4.172938133706339e-06, -7.70733822719194e-06, 6.499887240352109e-05, 1.0052403013105504e-05, 8.756909664953128e-06, 8.488193543598754e-07, -6.0121128626633435e-05, -1.9431925011303974e-06, -2.523268631193787e-05, -9.993041203415487e-07, 0.9786443710327148, 1.5078060626983643, -0.7726417183876038, -0.9885168075561523, 0.570889949798584, -0.21251729130744934, -1.5580666065216064, 0.6478656530380249, -0.7632703185081482, -0.16568881273269653, 0.9781338572502136, -0.3067796528339386, 0.357962429523468, -0.2180877923965454, 0.9738128781318665, -0.2872728407382965, -3.2244925498962402, 1.1177988052368164, -1.6160837411880493, 0.3660845458507538, -3.028395414352417, 0.5236776471138, 2.098468780517578, -1.9164637327194214, 2.0327858924865723, 0.06969824433326721, 0.33989283442497253, -3.042290210723877, 1.1328630447387695, -3.0455148220062256, -1.4240325689315796, 0.5937289595603943, 2.81015944480896, -5.639166831970215, -6.527864456176758, -0.36739471554756165, -6.687501430511475, -1.6067427396774292, -1.5813806056976318, 2.6582608222961426, 3.0102972984313965, -0.6389272809028625, -0.5498667359352112, 3.0106770992279053, 1.3596829175949097, 2.705505847930908, -2.634157180786133, -1.6600308418273926, -0.08297061920166016, 0.022193048149347305, -0.7555288672447205]], [[-3.920127710443921e-06, -8.608336429460905e-06, 6.401907739927992e-05, 8.051963959587738e-06, -5.261998012429103e-06, 7.450173598044785e-07, -6.03417975071352e-05, 6.423008471756475e-07, -8.075466030277312e-05, -7.128278411983047e-07, 1.9001096487045288, 1.1627485752105713, -0.6450292468070984, -1.188342809677124, 0.5020846724510193, -0.1388484239578247, -1.6494345664978027, 0.18084116280078888, -0.20334967970848083, -0.3746672570705414, 0.7903315424919128, 0.10183432698249817, 0.2533385753631592, -0.35862869024276733, 0.7552543878555298, -0.5798298716545105, -3.0109293460845947, 1.7373690605163574, -1.9568253755569458, 0.328341007232666, -3.527967929840088, -0.45575037598609924, 1.9750328063964844, -2.0852348804473877, 2.725999116897583, 0.3639683127403259, 0.038802627474069595, -2.957195281982422, 1.464080810546875, -2.3965213298797607, -1.2082414627075195, -0.24835780262947083, 2.3228073120117188, -4.471575736999512, -5.395252704620361, -0.3037235736846924, -6.081291198730469, -1.6538070440292358, -2.6542699337005615, 2.7411575317382812, 3.283344268798828, 0.32803472876548767, -0.10444381833076477, 2.549473285675049, 0.802746057510376, 3.104147434234619, -3.2506754398345947, -0.9796074628829956, -0.03734894469380379, 0.006616685539484024, -0.6965234279632568]]], "R_list": [[[-0.5427553747499435, 0.04974340452782733, 0.8384164817595304, -0.07929999984884249], [0.4629803810375745, -0.8151632220739095, 0.3480777041874187, 0.020800000259127163], [0.7007608507574822, 0.5770914269715526, 0.4194039996966966, -0.6924000002807211]], [[-0.8893212678562364, -0.08369764266300242, 0.4495579908657304, -0.07929999984884249], [-0.2846199206639595, -0.6681516016383723, -0.6874335880572895, 0.020800000259127163], [0.35790946243403116, -0.7393024697921238, 0.5703794130747083, -0.6924000002807211]], [[0.02502318391612983, 0.9612141719027875, 0.2746655347872006, -0.07929999984884249], [0.8910937712750907, 0.1030902649192919, -0.4419550747232199, 0.020800000259127163], [-0.45312882391372566, 0.25581187035028224, -0.8539523147848798, -0.6924000002807211]], [[-0.6008275985983001, 0.44698108441932916, 0.6627323041273308, -0.07929999984884249], [0.48914507269098506, -0.45015227192223967, 0.7470609278669158, 0.020800000259127163], [0.6322525560444427, 0.773027064373924, 0.051825313512820166, -0.6924000002807211]], [[0.4077318076664233, 0.6710176467748582, 0.6192657674486798, -0.07929999984884249], [-0.480074996717531, 0.7344340323741161, -0.4797235137215587, 0.020800000259127163], [-0.7767127979785923, -0.10169547584542492, 0.6215909102044843, -0.6924000002807211]], [[-0.18040834152245233, 0.7191610675790419, 0.6710142987952576, -0.07929999984884249], [-0.2965743823487089, -0.690230489607827, 0.6600193231642701, 0.020800000259127163], [0.9378147290609165, -0.07993265974751812, 0.33780808732487067, -0.6924000002807211]], [[-0.25814107299730393, -0.2504910109512294, 0.9330688291141397, -0.07929999984884249], [-0.39008573772944927, -0.85654979571815, -0.33786915318695, 0.020800000259127163], [0.8838531007197248, -0.4511947482937124, 0.12339771254079887, -0.6924000002807211]], [[0.7240517915215217, 0.36214680333786853, -0.5870252941966282, -0.07929999984884249], [0.47824683748339786, 0.3496818763119433, 0.8056069437486787, 0.020800000259127163], [0.4970200857426215, -0.8640441413557073, 0.07999222560521206, -0.6924000002807211]], [[0.3636898609066255, 0.930482906945782, -0.043945932183160986, -0.07929999984884249], [-0.8482317174588222, 0.3113044354931801, -0.4284769561354833, 0.020800000259127163], [-0.3850099200937242, 0.19310905810965973, 0.9024833810688283, -0.6924000002807211]], [[-0.36049100253968264, -0.5857412385877143, -0.7259155863498625, -0.07929999984884249], [-0.9302839332919889, 0.282472377600699, 0.2340537531239228, 0.020800000259127163], [0.0679561663627415, 0.7596818790193288, -0.646734413915744, -0.6924000002807211]]], "trans_list": [[[-0.07929999984884249], [0.020800000259127163], [-0.6924000002807211]], [[-0.07929999984884249], [0.020800000259127163], [-0.6924000002807211]], [[-0.07929999984884249], [0.020800000259127163], [-0.6924000002807211]], [[-0.07929999984884249], [0.020800000259127163], [-0.6924000002807211]], [[-0.07929999984884249], [0.020800000259127163], [-0.6924000002807211]], [[-0.07929999984884249], [0.020800000259127163], [-0.6924000002807211]], [[-0.07929999984884249], [0.020800000259127163], [-0.6924000002807211]], [[-0.07929999984884249], [0.020800000259127163], [-0.6924000002807211]], [[-0.07929999984884249], [0.020800000259127163], [-0.6924000002807211]], [[-0.07929999984884249], [0.020800000259127163], [-0.6924000002807211]]], "r_list": [[2.448863806233973, 2.147221334692417, 0.09139444462215317], [4.019785218948109, 2.6753222080629113, 6.189347641754477], [5.805603814133117, 2.863350811814478, 1.5968233394132905], [1.6400576335633728, 2.417131120830534, 0.6396129147438611], [3.7988798849857974, 2.47378540755098, 2.116808715784563], [2.0438515553553716, 2.4060167076607657, 1.3250089441967974], [1.2206243709429074, 1.202852252400048, 2.3712338192309312], [4.811358930357742, 5.655805816135205, 5.819404117125797], [0.44326511033515537, 6.239225217629393, 5.084992522889004], [3.4888300035846322, 5.470820633945811, 2.122494469922228]]}