{"recon_params": [[[-2.7969999791821465e-06, -8.915062608139124e-06, 6.285764538915828e-05, -1.0765363640530268e-06, 3.7377536500571296e-05, 7.841092610760825e-07, -6.178695184644312e-05, 8.661180800118018e-06, -1.7390901120961644e-05, -3.671959802886704e-07, 1.096895694732666, 1.4969232082366943, -0.6768913865089417, -1.0110564231872559, 0.6734420657157898, 0.1648508608341217, -1.7090355157852173, -0.2152629941701889, -0.0669810101389885, -0.37544700503349304, 1.0255688428878784, -0.500832736492157, 0.8750895261764526, -0.21584957838058472, 0.6757217049598694, -0.7362956404685974, -2.830026865005493, 1.6122119426727295, -1.7662259340286255, 0.3123188018798828, -3.1566548347473145, -0.3683969974517822, 1.9031879901885986, -1.939225673675537, 2.583164930343628, 0.6906858682632446, 0.591918408870697, -2.6528525352478027, 1.406674861907959, -2.2525947093963623, -1.0610793828964233, -0.7884863615036011, 1.969454050064087, -3.617971897125244, -5.165264129638672, -0.13152910768985748, -6.187680721282959, -1.6392123699188232, -2.847714424133301, 2.780486583709717, 3.6335606575012207, 0.10554102063179016, 0.3141965866088867, 2.6678102016448975, 1.0238468647003174, 2.5734176635742188, -3.1397948265075684, -0.6302103996276855, -0.07651281356811523, 0.028838753700256348, -0.7256244421005249]], [[-4.608177732734475e-06, -2.8508839022833854e-06, 6.105009379098192e-05, 2.1332667529350147e-05, -7.019333861535415e-05, 1.4753259165445343e-06, -5.627376231132075e-05, -2.4898763513192534e-05, 4.075945253134705e-05, 1.6452622730867006e-06, 0.8780066967010498, 1.6148439645767212, -0.34750446677207947, -0.3219156265258789, 0.7312884330749512, 0.2449442446231842, -1.8156367540359497, 0.9047112464904785, -2.1765828132629395, 0.5886766314506531, 0.25884196162223816, 0.4447084665298462, 0.19105853140354156, 0.3917731046676636, -0.20876672863960266, -0.402950644493103, -2.425306558609009, 1.3102259635925293, -0.10191203653812408, -0.26588839292526245, -2.3734939098358154, 1.2141221761703491, 3.845606803894043, -0.49716484546661377, -1.0163755416870117, 0.5732660293579102, 1.6890889406204224, -2.719625473022461, 0.6712220907211304, -3.216820240020752, -2.4595284461975098, 2.515901565551758, 2.239642858505249, -6.5814666748046875, -4.875330924987793, 1.5906013250350952, -5.938437461853027, -0.3888634443283081, -1.2182931900024414, 0.5639700889587402, 4.824740409851074, -3.4611079692840576, 0.2053605318069458, 3.808556318283081, 0.46742185950279236, 0.5280689001083374, -2.0996055603027344, 1.5256177186965942, -0.08180047571659088, 0.04513189196586609, -0.7506827712059021]], [[-3.4929203138744924e-06, -7.409630597976502e-06, 7.714091043453664e-05, 8.870044439390767e-06, 2.6076764697791077e-05, 2.8607360036403406e-07, -7.84338335506618e-05, 6.637325896008406e-06, -7.598906813655049e-05, 7.792054930177983e-07, 2.0699164867401123, 0.8299016356468201, -0.30815449357032776, -1.23749840259552, 0.31662681698799133, -0.3536871373653412, -2.158287286758423, 0.05058944970369339, -0.4802808165550232, -0.29879260063171387, 0.5089584589004517, -0.22598373889923096, 0.3455944359302521, -0.15320047736167908, 1.1500247716903687, -0.4854885935783386, -2.9679033756256104, 1.2644438743591309, -1.8945919275283813, 0.6675938963890076, -3.105825185775757, 0.26590973138809204, 2.372469902038574, -1.3208328485488892, 2.6874306201934814, 0.12360125780105591, -0.33292442560195923, -2.6451077461242676, 1.7165064811706543, -2.5083394050598145, -1.0425347089767456, -0.1892966330051422, 1.553764820098877, -4.309858322143555, -4.865987777709961, -0.5312817096710205, -6.135629653930664, -2.021373987197876, -2.538780927658081, 2.3109076023101807, 3.9961421489715576, 0.3833831548690796, 0.0952419638633728, 2.3778090476989746, 0.7342191338539124, 3.721231698989868, -3.325026750564575, -0.5127499103546143, -0.010305825620889664, 0.0149184949696064, -0.6892560124397278]], [[-4.560003162623616e-06, -7.147426458686823e-06, 6.571915582753718e-05, 1.3471732927428093e-05, -3.8708858483005315e-06, 9.898309372147196e-07, -6.047867645975202e-05, -1.9043711290578358e-05, -4.153148620389402e-05, 5.436047558760038e-07, 2.2438886165618896, 0.5353676080703735, 0.20478156208992004, -0.946803092956543, 0.030438754707574844, -0.22331014275550842, -1.9047062397003174, 0.7812008261680603, -1.1753110885620117, 0.07492069900035858, 0.5193085670471191, 0.10671766102313995, 0.06597527861595154, -0.2570703327655792, 0.6957069039344788, -0.4740431308746338, -2.3614022731781006, 1.2686762809753418, -1.039275050163269, 0.15435434877872467, -2.3626441955566406, 0.9449734091758728, 3.377139091491699, -1.1792093515396118, 1.0007435083389282, -0.6356368064880371, 0.22063833475112915, -1.7893714904785156, 0.9984838366508484, -2.4882285594940186, -1.0409679412841797, 0.23427006602287292, 0.43105611205101013, -5.064275741577148, -4.023137092590332, 0.4441607892513275, -5.5942888259887695, -1.2186453342437744, -1.934529423713684, 0.46079665422439575, 3.9656898975372314, -1.748005747795105, 0.052590787410736084, 2.441753625869751, 1.1883763074874878, 1.7377022504806519, -1.8888206481933594, -0.15240870416164398, 0.005366075783967972, 0.023229636251926422, -0.6449581980705261]], [[-3.0132400752336252e-06, -3.658641617221292e-06, 5.5020904255798087e-05, 1.452917877031723e-05, -1.4158002159092575e-05, 8.661359061079565e-07, -5.3060055506648496e-05, -1.1601539426919771e-06, -2.5930987249012105e-05, -6.359443887049565e-07, 1.3400262594223022, 1.4042980670928955, -0.7461163401603699, -0.4055618941783905, 0.5258894562721252, 0.06146743893623352, -1.9970721006393433, 0.0954970195889473, -0.774749219417572, -0.09407705813646317, 0.929585874080658, -0.07022932171821594, 0.16268372535705566, -0.33083197474479675, 0.6579254865646362, -0.2815406620502472, -2.7667558193206787, 0.9771528840065002, -1.251710057258606, 0.12045099586248398, -2.776871919631958, 0.5567440986633301, 2.480034351348877, -1.8247668743133545, 1.2357048988342285, -0.10045313835144043, 0.14225876331329346, -2.483879327774048, 1.0641613006591797, -2.596827507019043, -1.666656494140625, 0.8016019463539124, 2.0309929847717285, -5.144255638122559, -5.337639331817627, 0.31072869896888733, -6.21799373626709, -1.3161683082580566, -1.554575800895691, 1.831226110458374, 3.390658378601074, -1.3206061124801636, -0.25148412585258484, 2.870417833328247, 1.532549500465393, 2.110633373260498, -2.0135233402252197, -0.9451557397842407, -0.06296597421169281, 0.02768556773662567, -0.7368249297142029]], [[-3.7090544537932146e-06, -6.790385214117123e-06, 6.627051334362477e-05, 8.502198397764005e-06, -3.8282810237433296e-06, 7.362468750216067e-07, -6.485871563199908e-05, -3.2347513752029045e-06, -6.446969928219914e-05, 2.7293094717606436e-07, 1.937098503112793, 0.6583735346794128, 0.744274914264679, -0.8530900478363037, 0.3008401393890381, -0.04416612535715103, -2.30903697013855, 0.20480582118034363, -0.6909452080726624, -0.3101254999637604, 0.5848872065544128, 0.011776208877563477, 0.08195941150188446, -0.624798059463501, 0.8694995045661926, -0.5722516775131226, -2.6926887035369873, 1.031306266784668, -1.4997001886367798, 0.3229926824569702, -2.7108187675476074, 0.8030122518539429, 3.35540771484375, -1.372088074684143, 1.8031632900238037, -0.6229929327964783, -0.0896131694316864, -1.8025047779083252, 1.2549946308135986, -2.4980483055114746, -0.5049446821212769, -0.3765541613101959, 0.36526209115982056, -4.780032157897949, -4.332457065582275, -0.33266180753707886, -5.691664695739746, -1.6540906429290771, -2.511775255203247, 1.1922276020050049, 3.8459577560424805, -1.0438156127929688, 0.09454107284545898, 2.2227389812469482, 1.45361328125, 2.231044054031372, -2.342344045639038, -0.505776047706604, -0.027836594730615616, 0.04614979773759842, -0.6377937197685242]], [[-5.666184279107256e-06, -8.371627700398676e-06, 8.982340659713373e-05, 1.7729715182213113e-05, 1.201814302476123e-05, 7.422415819746675e-07, -8.739410986891016e-05, -1.1870553862536326e-05, -8.057053491938859e-05, 3.306931830593385e-07, 1.5720475912094116, 0.8659420609474182, 0.03721657022833824, -0.6394921541213989, 0.5331867337226868, -0.10394134372472763, -1.9408622980117798, 0.20864036679267883, -1.2591590881347656, 0.25220516324043274, 0.4828631281852722, 0.17772909998893738, 0.25622010231018066, 0.5282596349716187, 0.5502064228057861, -0.4720217287540436, -3.0976250171661377, 1.8344836235046387, -1.3795008659362793, -0.06314549595117569, -3.2440578937530518, 0.123259536921978, 2.458343267440796, -1.395224928855896, 1.0652263164520264, 0.9778010249137878, 0.8309690356254578, -3.175828218460083, 1.2995896339416504, -3.7353851795196533, -2.044729232788086, 1.7515255212783813, 2.830564260482788, -5.750306129455566, -5.6710968017578125, 0.7340323328971863, -6.652840614318848, -1.6086015701293945, -3.2450342178344727, 3.0552520751953125, 5.20697021484375, -1.2568587064743042, 0.3116840720176697, 3.7561328411102295, 1.243021845817566, 2.091029167175293, -3.3235995769500732, 0.7187693119049072, 0.004063572734594345, 0.030240550637245178, -0.6784863471984863]], [[-4.541083399089985e-06, -7.344624009419931e-06, 8.026952855288982e-05, 1.1154869753227104e-05, -4.852552137890598e-06, 5.863753358426038e-07, -7.952714804559946e-05, -7.315390575968195e-06, -5.7291665143566206e-05, 9.971940926334355e-07, 1.7284880876541138, 0.6306018829345703, 1.0768154859542847, -0.7467819452285767, 0.39374908804893494, 0.03955536335706711, -1.9371652603149414, 0.2546030282974243, -0.8232285380363464, -0.3265257477760315, 0.121880903840065, -0.03147643804550171, 0.4075852930545807, -0.4974471628665924, 0.6468706727027893, -0.494002103805542, -2.8718745708465576, 1.4781668186187744, -1.159265160560608, 0.14718177914619446, -3.0241761207580566, 0.33158743381500244, 2.992985248565674, -0.9940070509910583, 1.3295447826385498, 0.749622642993927, 0.5160765647888184, -2.198652744293213, 1.7889134883880615, -3.0669310092926025, -1.2183424234390259, 1.1648410558700562, 2.718339204788208, -5.332843780517578, -4.140308380126953, -0.5625478029251099, -5.289766311645508, -1.4105141162872314, -2.987717866897583, 2.1864116191864014, 4.287697792053223, -1.298266053199768, 1.2544828653335571, 3.229665517807007, 0.7633904218673706, 1.7666951417922974, -3.2639572620391846, 0.9690163135528564, -0.049728233367204666, 0.043721891939640045, -0.6163422465324402]], [[-3.38283143719309e-06, -8.161763616953976e-06, 7.577447104267776e-05, 8.186485501937568e-06, 3.51124836015515e-05, 6.077136731619248e-07, -7.578625809401274e-05, 6.053490324120503e-06, -4.4930839067092165e-05, -4.7127196012297645e-07, 1.5593936443328857, 1.3535248041152954, -0.7485751509666443, -1.039085865020752, 0.47886595129966736, -0.23720982670783997, -1.7682456970214844, -0.022431155666708946, 0.29299548268318176, -0.5459733605384827, 0.854302167892456, -0.5527580380439758, 0.6957979798316956, -0.3307916820049286, 1.2850432395935059, -0.7238224744796753, -3.5224757194519043, 1.4381656646728516, -2.556551218032837, 0.7844632863998413, -3.5599727630615234, -0.31986337900161743, 1.5640636682510376, -1.7915085554122925, 3.883460283279419, 0.7980300188064575, 0.052873287349939346, -3.334613084793091, 1.828017234802246, -2.8881585597991943, -0.37925153970718384, -0.795917272567749, 2.666816473007202, -4.340557098388672, -6.2273054122924805, -1.5096135139465332, -6.291285991668701, -2.370807409286499, -3.317190170288086, 4.010142803192139, 3.290268898010254, 1.3797749280929565, 0.30011919140815735, 2.6215269565582275, 0.920080304145813, 3.938310384750366, -4.300702095031738, -1.1669902801513672, -0.04880136623978615, 0.017356961965560913, -0.6990380883216858]], [[-6.172445409902139e-06, -9.413757652509958e-06, 8.029358286876231e-05, 2.2390651793102734e-05, -2.5934394216164947e-05, 1.081329855878721e-06, -6.910696538398042e-05, -7.950636245368514e-06, -0.0001562452525831759, -4.1060093280975707e-07, 1.2896302938461304, 0.947147011756897, 1.0606114864349365, -0.624869704246521, 0.5021662712097168, 0.7123206257820129, -1.74127197265625, -0.32124027609825134, -0.5798264741897583, 0.8686619400978088, 0.5520673990249634, 0.6584650874137878, 0.020707879215478897, 0.6317752599716187, 0.5634138584136963, -1.5432454347610474, -4.08127498626709, 2.151918888092041, -2.812551498413086, 0.7133030295372009, -4.919185638427734, -0.700322151184082, 1.1050230264663696, -1.1285837888717651, 2.180422782897949, 0.9587986469268799, -0.2085108757019043, -2.279927968978882, 1.1470770835876465, -5.469941139221191, -1.6082710027694702, 1.4584938287734985, 2.508498191833496, -5.420902252197266, -3.6503243446350098, -1.061875581741333, -6.259161949157715, -3.1917059421539307, -6.511697292327881, 5.585781574249268, 6.095584869384766, -1.3993250131607056, 1.2677019834518433, 4.828826904296875, 2.658407688140869, 1.0009675025939941, -3.636218786239624, 2.076080322265625, -0.058288831263780594, 0.061910003423690796, -0.6079642176628113]]], "R_list": [[[0.6973008740788429, -0.6181773973678562, 0.3628060037987043, -0.07929999931100552], [-0.4779998048901218, -0.023865432957210934, 0.878035664215737, 0.020799999523003834], [-0.5341232793409095, -0.7856762351587763, -0.3121300625906517, -0.6924000000264998]], [[0.8307703783413353, 0.5560944568564509, -0.024073502531281675, -0.07929999931100552], [0.2623845047439452, -0.353109819866882, 0.8980355375951737, 0.020799999523003834], [0.49089199437439307, -0.7523778373710291, -0.43926374729998346, -0.6924000000264998]], [[-0.02150502107572416, -0.582500412723461, -0.8125458776250917, -0.07929999931100552], [0.8079048099682444, 0.4686212757006736, -0.35732886531995756, 0.020799999523003834], [0.588920497264875, -0.6641440876328503, 0.4605271748372959, -0.6924000000264998]], [[0.025157779904546356, -0.06297455913430998, 0.9976979958946062, -0.07929999931100552], [-0.7297286218711065, 0.680975892191804, 0.06138381444380787, 0.020799999523003834], [-0.6832739015448853, -0.7295930640812147, -0.028822496633957032, -0.6924000000264998]], [[0.9070221950895447, 0.37555751006143995, 0.19043973916017423, -0.07929999931100552], [0.420093855680415, -0.838037846102219, -0.3481576093092262, 0.020799999523003834], [0.028842503956944255, 0.39578924333135246, -0.9178883291711956, -0.6924000000264998]], [[-0.12104090375079735, -0.28682466529328593, 0.9503055882181188, -0.07929999931100552], [-0.7003941965065149, -0.6537238783626038, -0.28651886562414863, 0.020799999523003834], [0.7034181324924624, -0.7002690213324805, -0.12176300194585521, -0.6924000000264998]], [[0.6231330771531574, 0.09321115533045723, -0.776541594944919, -0.07929999931100552], [0.6347482352873738, 0.5198087391467909, 0.5717460559603258, 0.020799999523003834], [0.4569462177950507, -0.849182286219269, 0.2647444028005378, -0.6924000000264998]], [[-0.13146145116230007, 0.05969002104127721, 0.9895226062331238, -0.07929999931100552], [-0.15870899900471364, -0.9865773129601286, 0.03842732344692164, 0.020799999523003834], [0.9785342817158855, -0.15199443062317905, 0.1391702287355726, -0.6924000000264998]], [[-0.6665082649170343, -0.15781519445948544, -0.7286021528893526, -0.07929999931100552], [-0.30805866271296256, 0.9482943814080639, 0.07640436190034346, 0.020799999523003834], [0.6788715586359365, 0.27537634355117047, -0.680662380543836, -0.6924000000264998]], [[-0.1244485794788317, 0.08017192872579686, 0.9889818061572652, -0.07929999931100552], [0.9255814173030102, 0.3685104575652612, 0.08659724365355183, 0.020799999523003834], [-0.3575074698646892, 0.9261600857893995, -0.12006625038503002, -0.6924000000264998]]], "trans_list": [[[-0.07929999931100552], [0.020799999523003834], [-0.6924000000264998]], [[-0.07929999931100552], [0.020799999523003834], [-0.6924000000264998]], [[-0.07929999931100552], [0.020799999523003834], [-0.6924000000264998]], [[-0.07929999931100552], [0.020799999523003834], [-0.6924000000264998]], [[-0.07929999931100552], [0.020799999523003834], [-0.6924000000264998]], [[-0.07929999931100552], [0.020799999523003834], [-0.6924000000264998]], [[-0.07929999931100552], [0.020799999523003834], [-0.6924000000264998]], [[-0.07929999931100552], [0.020799999523003834], [-0.6924000000264998]], [[-0.07929999931100552], [0.020799999523003834], [-0.6924000000264998]], [[-0.07929999931100552], [0.020799999523003834], [-0.6924000000264998]]], "r_list": [[1.2292419027459895, 2.770315347767155, 3.8669151261638315], [4.257468273304763, 6.259109478808071, 5.693312095799868], [3.8014726598982005, 4.09009919370926, 4.7492906860893305], [1.1318077337708834, 1.6386621923206894, 4.332321332309557], [2.779055016024678, 0.19161006398976616, 5.890621165046961], [5.11423740892988, 1.8873766290296647, 5.111718507872076], [2.0044457263363964, 4.030750792844687, 2.9931089220161], [2.8721878903059657, 1.7156807015316784, 0.4262164793104415], [3.253374747732549, 5.46690641802868, 2.9090954177681083], [0.6248428446886471, 1.7193795488374184, 0.5722993110286105]]}