{"recon_params": [[[-5.264677838567877e-06, -1.145079659181647e-05, 8.454984345007688e-05, 7.643062417628244e-06, -1.2208845873828977e-05, 9.595306664778036e-07, -7.990982703631744e-05, 5.21734591529821e-07, -0.00014163962623570114, -8.913602869142778e-07, 1.1250659227371216, 1.4913928508758545, -0.8837165236473083, -1.1049270629882812, 0.23059532046318054, -0.17671862244606018, -1.474816083908081, 0.25744953751564026, -0.34166425466537476, -0.4335023760795593, 0.7235304117202759, -0.38676342368125916, 0.5254831314086914, -0.27116256952285767, 1.2628870010375977, -0.8403530120849609, -2.435974359512329, 1.2089293003082275, -1.9456418752670288, 0.584276020526886, -2.563521385192871, 0.47308534383773804, 3.212658405303955, -0.9116454124450684, 2.9366636276245117, -0.39124494791030884, -0.08520619571208954, -1.7045730352401733, 1.4401562213897705, -1.9813188314437866, 0.1642867475748062, -2.126739025115967, -1.2159514427185059, -2.997424364089966, -3.4742484092712402, -0.29219260811805725, -5.683905601501465, -2.0731945037841797, -3.431049346923828, 1.157503604888916, 4.630125045776367, 0.40324506163597107, 0.3728448152542114, 1.4489918947219849, 0.8033145070075989, 3.0516958236694336, -3.1221725940704346, -0.047374144196510315, -0.08256372809410095, 0.020754069089889526, -0.7500517964363098]], [[-4.8325346142519265e-06, -7.010579338384559e-06, 6.950383976800367e-05, 1.8115593775291927e-05, -9.313083864981309e-06, 9.070777196029667e-07, -6.34710377198644e-05, -1.3362755453272257e-05, -7.082764204824343e-05, 1.8185755834565498e-07, 1.2837471961975098, 1.455792784690857, -0.7027636766433716, -0.7331751585006714, 0.2082526981830597, -0.23015984892845154, -1.6348154544830322, 0.21794164180755615, -1.0442755222320557, 0.12385579198598862, -0.18231497704982758, 0.2323053479194641, 0.5178472995758057, -0.5171793699264526, 0.7742742896080017, -0.7361555695533752, -2.5433802604675293, 2.128185510635376, -1.030653953552246, 0.31591472029685974, -2.8621490001678467, -0.1115880087018013, 3.065950632095337, -0.2983449101448059, 1.5971287488937378, 1.124878168106079, 0.20129095017910004, -2.339893341064453, 2.0529775619506836, -2.2579843997955322, -1.6452456712722778, 0.9390460252761841, 2.1504476070404053, -4.234792709350586, -2.641814947128296, 0.1074581891298294, -4.907222270965576, -1.2683115005493164, -2.863081216812134, 1.516610026359558, 4.9415388107299805, -0.35221731662750244, 1.605258822441101, 2.8741419315338135, -0.8220252990722656, 2.9419093132019043, -4.056452751159668, 2.3689663410186768, -0.0717208981513977, 0.026484347879886627, -0.7478936314582825]], [[-7.556031505373539e-06, -1.8647117030923255e-05, 0.0001300113945035264, 9.431911166757345e-06, -4.393055519358313e-07, 1.6747715108067496e-06, -0.00011744326911866665, 2.773152345980634e-06, -0.00020223039609845728, -9.516343197901733e-07, 1.1465950012207031, 1.4262009859085083, -0.8142783045768738, -1.0664639472961426, 0.5858379006385803, 0.8280652761459351, -0.9397529363632202, 0.11365293711423874, -0.44326919317245483, 0.7909958362579346, 1.4124988317489624, -0.8895443081855774, 0.623256266117096, 0.9846152067184448, 2.2714788913726807, -0.01682940684258938, -1.9387420415878296, 0.6922023892402649, -3.921703338623047, -1.8124715089797974, -6.117583274841309, 2.1662395000457764, 1.3051408529281616, 2.416517496109009, 3.850318670272827, 1.2297097444534302, -1.9426276683807373, -2.0283663272857666, 0.37562131881713867, -4.841198921203613, -0.23712040483951569, 3.3254623413085938, 1.34397554397583, -7.610623359680176, -4.848305702209473, -0.5566456913948059, -7.5966596603393555, -1.9867321252822876, -5.09053373336792, 2.0760669708251953, 6.069260597229004, -1.7730388641357422, 1.0431889295578003, 3.4333231449127197, 2.2295870780944824, 2.170868396759033, -0.979935348033905, 0.9862927198410034, -0.07590466737747192, 0.018178001046180725, -0.7438607811927795]], [[-3.7437480386870448e-06, -7.207050202850951e-06, 6.761126860510558e-05, 8.259216883743647e-06, 8.76713966135867e-06, 4.6972468226158526e-07, -6.62542661302723e-05, -3.732174036485958e-06, -8.38794803712517e-05, -4.221021754347021e-07, 1.5353082418441772, 1.3215712308883667, -0.4008561968803406, -0.9719939231872559, 0.4117527902126312, 0.011731110513210297, -1.5495524406433105, 0.14544717967510223, -0.21369794011116028, -0.34144407510757446, 0.5090641975402832, 0.04948149621486664, 0.17180180549621582, -1.1248533725738525, 1.0529440641403198, -0.21586981415748596, -2.8518645763397217, 0.655849277973175, -1.5418561697006226, 0.3624712824821472, -2.86334228515625, 0.26406198740005493, 2.318899154663086, -1.2621796131134033, 2.103264093399048, 0.32435423135757446, -1.0222587585449219, -2.173739194869995, 1.849397897720337, -2.0299248695373535, -1.1876592636108398, 0.6799956560134888, 2.31075119972229, -4.317544937133789, -4.0380940437316895, -1.0912754535675049, -5.042817115783691, -1.728952169418335, -1.8294278383255005, 2.546811103820801, 3.2398085594177246, 0.2801690697669983, 0.23433253169059753, 2.0577192306518555, 0.504969596862793, 3.3777124881744385, -3.054295301437378, -0.24312323331832886, -0.04382773116230965, 0.03904006630182266, -0.7288520932197571]], [[-4.505981905822409e-06, -7.846670996514149e-06, 7.645609002793208e-05, 1.2551710824482143e-05, -9.589339242666028e-06, 7.416649623337435e-07, -7.311537046916783e-05, -4.580054337566253e-06, -6.518547888845205e-05, 2.1592450138996355e-07, 1.1319752931594849, 1.4250288009643555, -0.7565644383430481, -0.9489810466766357, 0.8914752006530762, 0.17439571022987366, -1.436131238937378, 0.08976156264543533, -0.8002976775169373, 0.11852564662694931, 0.8850240111351013, -0.09821263700723648, 0.3064531683921814, 0.23448728024959564, 0.9515141844749451, -0.44258344173431396, -3.0638458728790283, 1.7011699676513672, -1.427441954612732, 0.5222553014755249, -3.223198175430298, 0.11558841913938522, 2.05354642868042, -1.259208083152771, 1.7092409133911133, 0.8657640218734741, 0.43649137020111084, -3.3997182846069336, 1.4438564777374268, -2.964446544647217, -2.3251404762268066, 1.3690112829208374, 3.2393157482147217, -5.252599716186523, -5.521145820617676, 0.437144935131073, -6.575821399688721, -1.5115617513656616, -1.9219603538513184, 2.5559539794921875, 4.258610725402832, -0.47619912028312683, 0.1068742573261261, 3.35624623298645, 0.32993727922439575, 3.2468349933624268, -3.36549711227417, 0.1229475736618042, -0.07574081420898438, 0.0203765369951725, -0.7510432600975037]], [[-3.345129243825795e-06, -7.444560196745442e-06, 6.38423953205347e-05, 5.693856110156048e-06, 2.3604193302162457e-06, 6.756933998985915e-07, -6.22079023742117e-05, 4.813983650819864e-06, -4.2253763240296394e-05, -5.619831426884048e-07, 1.2664332389831543, 1.4052969217300415, -0.34758660197257996, -0.9786841869354248, 0.6028251051902771, -0.06073495000600815, -1.7971901893615723, 0.27213844656944275, -0.09988536685705185, -0.4383218288421631, 0.9468801617622375, -0.2779123783111572, 0.3915107250213623, -0.21429821848869324, 0.9421178698539734, -0.6065573692321777, -3.038708209991455, 1.2620625495910645, -2.1475448608398438, 0.5047178864479065, -3.2157130241394043, 0.06603743880987167, 2.05104923248291, -1.917934536933899, 2.962855577468872, 0.035217851400375366, 0.14544862508773804, -2.868699550628662, 1.2977378368377686, -2.6584885120391846, -0.4259457588195801, -0.8085092902183533, 1.6813468933105469, -4.560737609863281, -5.938999652862549, -0.8214356899261475, -6.168339252471924, -1.9211881160736084, -2.681627035140991, 2.7637863159179688, 3.02976131439209, 0.34511256217956543, -0.2829580008983612, 2.411644458770752, 1.3127927780151367, 3.055694580078125, -3.0967791080474854, -1.583286166191101, -0.05250934138894081, 0.04208698868751526, -0.7142747044563293]], [[-6.0823181229352485e-06, -1.2688284186879173e-05, 0.00010419970203656703, 8.408894245803822e-06, -7.124664534785552e-06, 1.1454685591161251e-06, -9.933867841027677e-05, 7.156649189710151e-06, -0.0001391293917549774, -6.122018021414988e-07, 1.3038932085037231, 1.3148398399353027, -0.8517020344734192, -1.105575680732727, 0.6291496157646179, -0.08646596223115921, -1.7099699974060059, -0.327609121799469, -0.4434230327606201, -0.16410216689109802, 1.185222864151001, -0.5604878067970276, 0.4333226978778839, 1.3875658512115479, 1.649568796157837, -1.1622315645217896, -2.3535523414611816, 1.991502046585083, -2.6472315788269043, 0.9414458274841309, -3.0782582759857178, 0.1722138226032257, 2.739447593688965, -1.016839623451233, 3.730801820755005, -0.6152386665344238, 0.7318271398544312, -2.480041027069092, 1.2132205963134766, -2.68818736076355, 0.07974942028522491, -3.2614777088165283, -2.568782091140747, -2.1894004344940186, -4.413523197174072, 1.1274491548538208, -7.430662155151367, -2.6520230770111084, -4.841305255889893, 1.3099504709243774, 6.299107074737549, 1.1757971048355103, -0.22544068098068237, 1.8366509675979614, 1.2356375455856323, 3.75064754486084, -3.3363938331604004, -0.4603659510612488, -0.059472937136888504, 0.005051232874393463, -0.74556964635849]], [[-5.324493486114079e-06, -9.972292900783941e-06, 7.86275340942666e-05, 3.2670179734850535e-06, 3.6850356991635635e-05, 1.6864760254975408e-06, -7.524923421442509e-05, 1.6047263216023566e-06, 4.2540043068584055e-05, -3.6656774682342075e-07, 1.0262144804000854, 1.5069013833999634, -0.7564626932144165, -0.6496579647064209, 0.7091309428215027, 0.2595299780368805, -1.339663028717041, 0.21481817960739136, -1.079184889793396, -0.25979048013687134, 0.4097958207130432, -0.5578362345695496, 2.5523550510406494, 0.921405553817749, -1.7554222345352173, -1.0153628587722778, -3.570841073989868, -2.493152141571045, -1.9270671606063843, 0.8947623372077942, -3.8440959453582764, 0.7586551308631897, 2.032895803451538, 0.21457843482494354, 0.7353585958480835, 3.229609727859497, 2.2863011360168457, -2.213641405105591, 1.5711050033569336, -4.205288887023926, -1.5249823331832886, 0.9136717319488525, 3.0265352725982666, -2.938694715499878, -5.484170436859131, -3.6322264671325684, -4.578069686889648, -2.694010019302368, -4.312870979309082, 4.983407974243164, 6.381411552429199, -0.8529722094535828, -0.45340460538864136, 2.1615967750549316, 2.2547407150268555, 1.8640860319137573, -1.7807495594024658, 1.1466174125671387, -0.08361087739467621, 0.022277887910604477, -0.7337309718132019]], [[-3.9859987737145275e-06, -7.77578679844737e-06, 6.597768515348434e-05, 8.994515155791305e-06, 9.824687367654406e-06, 7.489318250009092e-07, -6.262933311518282e-05, -2.753670514721307e-06, -6.0458183725131676e-05, -5.655570021190215e-07, 1.1852039098739624, 1.41265869140625, -0.7123426795005798, -0.8072991967201233, 0.3810999095439911, -0.1926424205303192, -1.8942056894302368, 0.3688447177410126, -0.6721305251121521, -0.2908642590045929, 0.6157916784286499, -0.20417065918445587, 0.20803797245025635, -0.12567362189292908, 1.1097984313964844, -0.5144085884094238, -2.945775032043457, 1.152921438217163, -1.841295599937439, 0.5479174852371216, -2.939537525177002, 0.6152946949005127, 2.5517325401306152, -1.4625587463378906, 2.455132007598877, -0.3553125858306885, 0.13777393102645874, -2.59009051322937, 1.170652151107788, -2.845722198486328, -0.5565012097358704, -0.47456780076026917, 1.0974979400634766, -4.868669509887695, -5.609803676605225, -0.49886733293533325, -6.286704063415527, -1.8835816383361816, -2.3648951053619385, 2.0810675621032715, 3.4868173599243164, -0.1846870332956314, -0.4532051980495453, 2.4163668155670166, 1.2794033288955688, 2.9113104343414307, -2.7542059421539307, -1.3234416246414185, -0.06763869524002075, 0.024213604629039764, -0.7529864311218262]], [[-4.182005341135664e-06, -8.713725037523545e-06, 8.337640610989183e-05, 8.05179570306791e-06, 5.404562034527771e-05, 5.270089786790777e-07, -8.349891140824184e-05, -5.584427526628133e-06, -6.943204789422452e-05, -7.461994755431078e-07, 1.6666224002838135, 1.2340655326843262, -0.634615421295166, -0.9659503102302551, 0.914251446723938, -0.10564946383237839, -1.6626722812652588, 0.1847926676273346, -0.4842844605445862, -0.6115566492080688, 0.8059846758842468, 0.12022764980792999, -0.3489900827407837, 0.0716312825679779, 1.7491835355758667, -0.5661135911941528, -3.590711832046509, 1.5803518295288086, -2.7763278484344482, 1.3252078294754028, -3.591221809387207, 0.20223546028137207, 1.8446455001831055, -1.049527883529663, 3.6944680213928223, -0.1508464217185974, -0.7096445560455322, -3.857511520385742, 2.0843892097473145, -3.4537477493286133, -0.7228949069976807, 0.12069520354270935, 1.588524341583252, -4.911170959472656, -5.990070343017578, -0.7743933796882629, -6.607830047607422, -2.7691867351531982, -3.1368484497070312, 3.655162811279297, 4.458208084106445, 2.2221105098724365, -0.7475335001945496, 2.5321598052978516, 0.18522900342941284, 5.3558855056762695, -4.623812675476074, -0.9938614368438721, -0.045824501663446426, 0.016581080853939056, -0.7138353586196899]]], "R_list": [[[0.08834619093354154, -0.002574924152910391, -0.9960865024249353, -0.07929999962670602], [-0.8977519167828846, 0.4330379930216268, -0.08074399366180932, 0.02080000025702207], [0.4315512095455081, 0.9013719911143281, 0.0359456141191204, -0.6923999999326848]], [[0.025058677151920394, 0.8083634436542351, -0.5881501557109905, -0.07929999962670602], [-0.392172767889241, 0.5491224667427069, 0.7380142523315496, 0.02080000025702207], [0.9195502067997632, 0.212162813616975, 0.3307784117693314, -0.6923999999326848]], [[-0.0016374706378514108, -0.02213927104618326, -0.9997535553162361, -0.07929999962670602], [0.996193150533031, -0.08717291758751243, 0.00029878144982992274, 0.02080000025702207], [-0.08715804908890615, -0.9959471547812289, 0.022197733266967414, -0.6923999999326848]], [[-0.8093809566096397, 0.5858170884268257, -0.041482598577979514, -0.07929999962670602], [0.42355870161379205, 0.631209939570933, 0.6497476729270356, 0.02080000025702207], [0.406817518507873, 0.508323077475316, -0.7590172300686728, -0.6923999999326848]], [[-0.12717190127711103, -0.4267665804630485, -0.8953756716180314, -0.07929999962670602], [-0.9617914624213331, 0.27371415652465175, 0.006143560159413664, 0.02080000025702207], [0.24245513056852103, 0.8619459648480726, -0.44526920322780755, -0.6923999999326848]], [[0.6736570724320947, -0.6770856428053172, -0.29621137903384154, -0.07929999962670602], [-0.7360001978875019, -0.5782990884966234, -0.35195720329825997, 0.02080000025702207], [0.06700639873756568, 0.45511009278073056, -0.887910438038284, -0.6923999999326848]], [[0.42234773975815204, 0.8301588382110278, 0.36394874647578696, -0.07929999962670602], [-0.8074195129192282, 0.5270300623857748, -0.26516606777437174, 0.02080000025702207], [-0.41194188531691767, -0.18186703022198067, 0.8928764004271704, -0.6923999999326848]], [[0.3017566157544619, -0.29860556523465953, 0.9054157394585668, -0.07929999962670602], [-0.6431033672671748, -0.7648404023990507, -0.03791065638681919, 0.02080000025702207], [0.7038188714847273, -0.5708361194501864, -0.4228298959073458, -0.6923999999326848]], [[-0.5103516276798943, -0.8247291038191653, -0.24364548310633496, -0.07929999962670602], [-0.034508406794146816, 0.3027318483795116, -0.9524508374909724, 0.02080000025702207], [0.8592731730858426, -0.47767701775400623, -0.18295977898059063, -0.6923999999326848]], [[-0.9735168562367594, -0.06887115860844976, -0.21799471125425632, -0.07929999962670602], [-0.22603593017903578, 0.14713411036088817, 0.9629430470367436, 0.02080000025702207], [-0.03424454541959776, 0.9867159252187225, -0.1588048929622931, -0.6923999999326848]]], "trans_list": [[[-0.07929999962670602], [0.02080000025702207], [-0.6923999999326848]], [[-0.07929999962670602], [0.02080000025702207], [-0.6923999999326848]], [[-0.07929999962670602], [0.02080000025702207], [-0.6923999999326848]], [[-0.07929999962670602], [0.02080000025702207], [-0.6923999999326848]], [[-0.07929999962670602], [0.02080000025702207], [-0.6923999999326848]], [[-0.07929999962670602], [0.02080000025702207], [-0.6923999999326848]], [[-0.07929999962670602], [0.02080000025702207], [-0.6923999999326848]], [[-0.07929999962670602], [0.02080000025702207], [-0.6923999999326848]], [[-0.07929999962670602], [0.02080000025702207], [-0.6923999999326848]], [[-0.07929999962670602], [0.02080000025702207], [-0.6923999999326848]]], "r_list": [[4.29355056048685, 4.6238897959873215, 3.170730247202761], [5.133745495435154, 5.654415657086959, 4.7433783270969245], [6.269726121746929, 4.7345905482088995, 1.6446241648700437], [3.849581722094617, 6.241690802128723, 3.768103417597394], [0.013796530981219097, 4.250866757385442, 5.002000134106369], [5.905796439889946, 3.442316220417117, 3.929529096832301], [3.4302761318179353, 2.7690887577924017, 2.041423648011621], [3.0521723960959064, 1.1323580035895044, 0.7801496289537198], [1.7605782191056867, 6.037062464646761, 2.124932904217046], [1.407351303421363, 3.3613519464264154, 6.212558274674517]]}